             5            10             4            12            13            14
             2             9             1            15            16            17
             8            11             3            18            19            20
             3            11             7            19            21            22
             7             9             2            23            15            24
             4            10             8            13            25            26
             1             9             6            16            27            28
             6            10             5            29            12            30
             9            11             6            31            32            27
             6            11            10            32            33            29
            10            11             8            33            18            25
             7            11             9            21            31            23
