            17            22            19            32            33            34
            20            22            17            35            32            36
            19            24            17            37            38            34
            21            24            12            39            40            41
            13            23            21            42            43            44
             3            21            12            45            41            46
            13            21             3            44            45            47
            17            23            20            48            49            36
            20            23            18            49            50            51
            12            24            11            40            52            53
            14            23            13            54            42            55
             9            26             1            56            57            58
             5            25            16            59            60            61
            16            27             4            62            63            64
             2            28             9            65            66            67
             1            26             8            57            68            69
             6            25             5            70            59            71
             7            29             6            72            73            74
            17            24            21            38            39            75
            21            23            17            43            48            75
            20            29             7            76            72            77
             4            27            15            63            78            79
            10            28             2            80            65            81
             8            26            22            68            82            83
             7            22            20            84            35            77
             8            22             7            83            84            85
            22            26            19            82            86            33
            11            30            10            87            88            89
            15            31            14            90            91            92
            25            27            16            93            62            60
             9            28            26            66            94            56
            18            29            20            95            76            51
             6            29            25            73            96            70
            18            27            25            97            93            98
            26            28            19            94            99            86
            19            30            24           100           101            37
            23            31            18           102           103            50
            25            29            18            96            95            98
            18            31            27           103           104            97
            28            30            19           105           100            99
            24            30            11           101            87            52
            14            31            23            91           102            54
            27            31            15           104            90            78
            10            30            28            88           105            80
