        1.000000        0.000000
        2.000000        0.000000
        2.000000        2.000000
        0.000000        2.000000
        0.000000        1.000000
        0.707107        0.707107
        2.000000        1.000000
        1.000000        2.000000
        1.414214        0.585786
        0.585786        1.414214
        1.284518        1.284518
        0.292893        1.207107
        0.292893        1.707107
        0.000000        1.500000
        1.707107        0.292893
        1.207107        0.292893
        1.500000        0.000000
        1.142259        1.642259
        1.642259        1.642259
        1.500000        2.000000
        1.642259        1.142259
        2.000000        1.500000
        1.707107        0.792893
        2.000000        0.500000
        0.792893        1.707107
        0.500000        2.000000
        1.060661        0.646447
        0.853554        0.353554
        0.646447        1.060661
        0.353554        0.853554
        1.349366        0.935152
        0.995812        0.995812
        0.935152        1.349366
