1.000000  0.000000
2.000000  0.000000
2.000000  2.000000
0.000000  2.000000
0.000000  1.000000
0.382683  0.923880
0.707107  0.707107
0.923880  0.382683
1.500000  0.000000
2.000000  0.500000
2.000000  1.000000
2.000000  1.500000
1.500000  2.000000
1.000000  2.000000
0.500000  2.000000
0.000000  1.500000
1.264385  1.186547
0.684600  1.432185
1.443568  0.741283
0.889919  1.075706
1.570063  1.557090
1.071443  0.715915
1.095222  1.573836
1.602754  1.053236
0.336837  1.289411
1.284095  0.352132
0.379837  1.664486
1.654025  0.405263
0.594685  1.129808
1.740069  0.739956
0.739261  1.743022