1.000000 0.000000
2.000000 0.000000
2.000000 2.000000
0.000000 2.000000
0.000000 1.000000
0.195090 0.980785
0.382683 0.923880
0.555570 0.831470
0.707107 0.707107
0.831470 0.555570
0.923880 0.382683
0.980785 0.195090
1.200000 0.000000
1.400000 0.000000
1.600000 0.000000
1.800000 0.000000
2.000000 0.200000
2.000000 0.400000
2.000000 0.600000
2.000000 0.800000
2.000000 1.000000
2.000000 1.200000
2.000000 1.400000
2.000000 1.600000
2.000000 1.800000
1.800000 2.000000
1.600000 2.000000
1.400000 2.000000
1.200000 2.000000
1.000000 2.000000
0.800000 2.000000
0.600000 2.000000
0.400000 2.000000
0.200000 2.000000
0.000000 1.800000
0.000000 1.600000
0.000000 1.400000
0.000000 1.200000
0.877348 1.051116
1.046370 1.601403
1.587295 1.063901
0.672437 1.401528
1.417143 0.682058
1.219503 1.234669
1.557491 1.557491
1.654629 0.357118
1.720780 1.315879
0.963728 1.480369
1.291667 0.974821
0.700915 1.708294
0.598123 1.111114
1.315879 1.720780
0.357118 1.654629
0.952749 1.338165
1.097146 0.773981
1.273946 0.353823
0.336710 1.300477
1.708294 0.700915
1.719283 1.719283
1.124859 0.554312
1.361346 1.480991
1.491478 1.249821
1.117083 1.074105
1.454196 0.222567
0.222567 1.454196
1.791937 0.890537
0.553637 1.280076
0.888033 1.793952
0.876019 0.849118
0.404367 1.107532
1.791713 1.512283
1.517033 1.792405
1.781581 0.218419
0.218419 1.781581
1.809213 0.507926
0.507926 1.809213
1.556624 0.833127
0.854199 1.596240
1.799986 1.138732
1.137741 1.798223
1.469632 0.484717
0.485576 1.469867
0.767832 1.236238
1.156176 0.180994
0.198348 1.180102
1.148610 1.410724
0.709694 0.951077
1.236922 0.679278
1.079865 0.362610
1.642558 0.548980
0.549152 1.642605
0.946802 0.688221
1.374544 1.129626
1.638084 0.164873
0.164873 1.638084
1.074768 1.251182
1.225617 1.598012
1.557376 1.378649
1.304500 0.550838
1.020622 0.931358
1.869630 0.699937
0.699681 1.869836
1.870014 1.306826
1.305150 1.872174
1.321426 0.832147
1.310002 0.144124
0.144148 1.315150
1.853589 1.853589
1.169589 0.917282
0.523505 0.979409
1.853875 0.353615
0.353615 1.853875
1.407129 1.608882
1.439930 0.966139
1.626809 1.215393
1.697981 1.873055
1.872917 1.697031
1.562328 0.662606
0.691159 1.562870
0.821366 1.431591
1.358809 1.314080
0.968298 0.517566
1.883013 0.116987
0.116987 1.883013
0.737921 1.089666
0.951653 1.192472