1.000000 0.000000
2.000000 0.000000
2.000000 2.000000
0.000000 2.000000
0.000000 1.000000
0.029633 0.999561
0.059241 0.998244
0.088796 0.996050
0.118273 0.992981
0.147647 0.989040
0.176890 0.984231
0.205979 0.978556
0.234886 0.972023
0.263587 0.964636
0.292057 0.956401
0.320270 0.947326
0.348202 0.937420
0.375828 0.926690
0.403123 0.915146
0.430065 0.902798
0.456629 0.889657
0.482792 0.875735
0.508531 0.861044
0.533823 0.845596
0.558647 0.829406
0.582979 0.812487
0.606800 0.794854
0.630088 0.776524
0.652822 0.757511
0.674983 0.737833
0.696551 0.717507
0.717507 0.696551
0.737833 0.674983
0.757511 0.652822
0.776524 0.630088
0.794854 0.606800
0.812487 0.582979
0.829406 0.558647
0.845596 0.533823
0.861044 0.508531
0.875735 0.482792
0.889657 0.456629
0.902798 0.430065
0.915146 0.403123
0.926690 0.375828
0.937420 0.348202
0.947326 0.320270
0.956401 0.292057
0.964636 0.263587
0.972023 0.234886
0.978556 0.205979
0.984231 0.176890
0.989040 0.147647
0.992981 0.118273
0.996050 0.088796
0.998244 0.059241
0.999561 0.029633
1.029412 0.000000
1.058824 0.000000
1.088235 0.000000
1.117647 0.000000
1.147059 0.000000
1.176471 0.000000
1.205882 0.000000
1.235294 0.000000
1.264706 0.000000
1.294118 0.000000
1.323529 0.000000
1.352941 0.000000
1.382353 0.000000
1.411765 0.000000
1.441176 0.000000
1.470588 0.000000
1.500000 0.000000
1.529412 0.000000
1.558824 0.000000
1.588235 0.000000
1.617647 0.000000
1.647059 0.000000
1.676471 0.000000
1.705882 0.000000
1.735294 0.000000
1.764706 0.000000
1.794118 0.000000
1.823529 0.000000
1.852941 0.000000
1.882353 0.000000
1.911765 0.000000
1.941176 0.000000
1.970588 0.000000
2.000000 0.029851
2.000000 0.059701
2.000000 0.089552
2.000000 0.119403
2.000000 0.149254
2.000000 0.179104
2.000000 0.208955
2.000000 0.238806
2.000000 0.268657
2.000000 0.298507
2.000000 0.328358
2.000000 0.358209
2.000000 0.388060
2.000000 0.417910
2.000000 0.447761
2.000000 0.477612
2.000000 0.507463
2.000000 0.537313
2.000000 0.567164
2.000000 0.597015
2.000000 0.626866
2.000000 0.656716
2.000000 0.686567
2.000000 0.716418
2.000000 0.746269
2.000000 0.776119
2.000000 0.805970
2.000000 0.835821
2.000000 0.865672
2.000000 0.895522
2.000000 0.925373
2.000000 0.955224
2.000000 0.985075
2.000000 1.014925
2.000000 1.044776
2.000000 1.074627
2.000000 1.104478
2.000000 1.134328
2.000000 1.164179
2.000000 1.194030
2.000000 1.223881
2.000000 1.253731
2.000000 1.283582
2.000000 1.313433
2.000000 1.343284
2.000000 1.373134
2.000000 1.402985
2.000000 1.432836
2.000000 1.462687
2.000000 1.492537
2.000000 1.522388
2.000000 1.552239
2.000000 1.582090
2.000000 1.611940
2.000000 1.641791
2.000000 1.671642
2.000000 1.701493
2.000000 1.731343
2.000000 1.761194
2.000000 1.791045
2.000000 1.820896
2.000000 1.850746
2.000000 1.880597
2.000000 1.910448
2.000000 1.940299
2.000000 1.970149
1.970149 2.000000
1.940299 2.000000
1.910448 2.000000
1.880597 2.000000
1.850746 2.000000
1.820896 2.000000
1.791045 2.000000
1.761194 2.000000
1.731343 2.000000
1.701493 2.000000
1.671642 2.000000
1.641791 2.000000
1.611940 2.000000
1.582090 2.000000
1.552239 2.000000
1.522388 2.000000
1.492537 2.000000
1.462687 2.000000
1.432836 2.000000
1.402985 2.000000
1.373134 2.000000
1.343284 2.000000
1.313433 2.000000
1.283582 2.000000
1.253731 2.000000
1.223881 2.000000
1.194030 2.000000
1.164179 2.000000
1.134328 2.000000
1.104478 2.000000
1.074627 2.000000
1.044776 2.000000
1.014925 2.000000
0.985075 2.000000
0.955224 2.000000
0.925373 2.000000
0.895522 2.000000
0.865672 2.000000
0.835821 2.000000
0.805970 2.000000
0.776119 2.000000
0.746269 2.000000
0.716418 2.000000
0.686567 2.000000
0.656716 2.000000
0.626866 2.000000
0.597015 2.000000
0.567164 2.000000
0.537313 2.000000
0.507463 2.000000
0.477612 2.000000
0.447761 2.000000
0.417910 2.000000
0.388060 2.000000
0.358209 2.000000
0.328358 2.000000
0.298507 2.000000
0.268657 2.000000
0.238806 2.000000
0.208955 2.000000
0.179104 2.000000
0.149254 2.000000
0.119403 2.000000
0.089552 2.000000
0.059701 2.000000
0.029851 2.000000
0.000000 1.970588
0.000000 1.941176
0.000000 1.911765
0.000000 1.882353
0.000000 1.852941
0.000000 1.823529
0.000000 1.794118
0.000000 1.764706
0.000000 1.735294
0.000000 1.705882
0.000000 1.676471
0.000000 1.647059
0.000000 1.617647
0.000000 1.588235
0.000000 1.558824
0.000000 1.529412
0.000000 1.500000
0.000000 1.470588
0.000000 1.441176
0.000000 1.411765
0.000000 1.382353
0.000000 1.352941
0.000000 1.323529
0.000000 1.294118
0.000000 1.264706
0.000000 1.235294
0.000000 1.205882
0.000000 1.176471
0.000000 1.147059
0.000000 1.117647
0.000000 1.088235
0.000000 1.058824
0.000000 1.029412
1.623824 0.378949
1.823672 0.388194
0.811935 1.326863
0.381259 1.621456
0.491678 1.453378
1.130207 0.609815
0.919245 1.177012
0.900863 1.388275
1.595918 1.053102
1.480935 1.261828
0.381391 1.282360
1.051523 1.596030
0.377445 1.114776
1.075843 0.887388
1.245644 1.241784
1.425988 0.690102
0.690909 1.420402
1.054363 1.116996
1.561104 1.557092
1.524353 1.780471
1.121397 1.715493
0.922655 1.652150
0.963330 1.324453
1.283612 0.373112
1.857427 1.651857
0.557495 1.767769
1.313908 1.713424
1.741654 1.741708
1.714519 1.320540
0.558091 1.114047
1.296135 0.559373
0.388194 1.823672
0.635762 1.786012
1.786012 0.635762
0.185014 1.065627
1.135073 1.605271
1.393018 1.513968
1.475378 1.546148
0.195575 1.529429
1.528419 0.197608
1.773212 1.814745
1.385239 1.408013
1.247502 1.662507
1.547954 1.477481
1.173768 0.719861
0.582929 1.669743
1.669746 0.582928
0.656141 0.973734
0.230472 1.455488
1.590369 0.619099
1.615038 0.171264
1.342321 0.953291
0.312514 1.198675
1.787985 0.966737
1.661492 0.913027
1.657326 1.484272
1.767769 0.557495
1.453003 0.226787
1.369488 1.124701
0.936073 1.011280
0.224896 1.778844
1.561939 0.271197
1.328933 1.469951
0.209305 1.183685
1.154694 1.811493
0.171264 1.615038
0.059957 1.910838
1.105068 0.426979
0.892301 1.043622
0.600390 1.097974
1.236530 1.539568
1.698018 1.254714
0.420454 1.770373
1.770373 0.420454
1.210361 0.160784
0.157143 1.215194
0.630446 0.934856
1.138223 1.278421
1.059541 1.219338
0.178894 1.869672
1.869672 0.178894
1.144261 1.035183
0.717503 1.887344
1.887344 0.717503
0.757249 1.748339
1.748351 0.757299
0.251684 1.472299
1.086570 0.639501
0.304980 1.711791
1.341660 0.633351
0.193236 1.691247
1.691247 0.193236
1.016669 0.767017
1.221603 1.015217
1.447448 1.786587
0.683645 1.625622
1.795587 1.049122
1.632379 0.687931
0.682275 1.919375
1.919375 0.682275
1.392640 0.853060
1.818327 1.725744
1.387520 1.848900
0.686370 1.233654
1.219055 1.065567
1.703924 0.776206
0.794810 1.089942
0.619108 1.590378
0.776206 1.703924
0.859742 0.873961
0.421162 1.722105
0.112938 1.108898
1.353480 0.467333
1.483074 0.598478
1.489265 1.889024
1.778844 0.224896
0.598478 1.483074
1.676792 0.273911
0.539256 0.992129
1.241323 1.361140
1.037106 1.702032
1.335589 1.168879
1.575014 1.673338
1.848992 1.382076
1.841461 0.696702
1.778427 1.522615
0.969664 1.790208
1.453493 0.493138
1.186613 0.202828
1.156691 1.162670
1.722105 0.421162
1.847725 1.845464
0.864994 1.522621
1.523506 0.861440
1.239346 0.771052
1.142328 1.418457
0.959027 0.710405
1.808668 1.156098
1.887841 1.491925
1.214563 1.585426
0.540056 1.302177
1.578780 1.399220
0.696702 1.841461
1.002484 0.460600
1.325735 0.146360
0.146360 1.325735
0.764838 1.906203
1.632945 1.556142
1.413867 1.597862
1.154353 1.326692
0.404708 1.392268
1.617380 1.200550
1.098334 1.251035
1.650755 1.854724
0.997310 1.463429
0.839998 1.856026
1.856026 0.839998
1.359043 1.329494
0.989450 0.570896
1.097508 0.751390
1.462696 1.021407
1.213571 0.905737
1.368641 0.817461
1.681108 1.623676
0.358208 1.488313
1.487646 0.361078
1.086353 0.294550
1.455733 1.466178
0.749488 1.580244
0.131249 1.870650
1.870650 0.131249
1.199985 0.310714
0.505686 1.645225
1.649463 0.501453
1.575508 0.749140
0.726759 0.861636
0.839006 0.749786
1.874618 1.264222
1.264222 1.874618
1.139778 1.686950
1.906203 0.764838
1.506159 1.141787
1.719207 1.070097
0.683691 1.117168
0.275523 1.337716
1.340855 0.276004
0.466963 1.198637
1.109304 1.003572
0.499260 1.876199
1.876199 0.499260
1.876902 1.052618
1.059874 1.877436
0.925531 0.672134
0.911342 0.776742
0.968993 0.831644
0.117849 1.505843
1.505843 0.117849
1.072015 1.460089
1.927743 1.206842
1.214350 0.477097
1.536435 1.211268
0.781556 0.971685
0.281869 1.878234
1.346130 1.641544
1.878234 0.281869
0.566367 0.916898
0.656569 1.706293
1.706293 0.656569
0.118899 1.721230
1.721230 0.118899
0.801130 1.213541
0.264338 1.085605
0.988981 0.927888
0.273911 1.676792
1.128725 1.080999
1.915272 1.337835
0.062357 1.531465
1.337835 1.915272
1.105163 0.113249
0.886182 1.093904
1.437066 1.707705
0.890037 1.415708
1.224407 0.656042
0.274536 1.557049
1.421298 0.624054
0.432883 1.018233
1.739270 1.418027
1.893029 1.750245
0.582513 1.345751
1.750245 1.893029
0.940427 1.893747
1.281520 0.919330
1.893747 0.940427
0.542633 1.936226
1.132979 0.696525
0.105776 1.228520
1.228520 0.105776
0.605061 1.893361
1.893361 0.605061
1.559383 0.458480
0.456218 1.556105
1.222842 1.478026
1.130055 1.521905
0.868819 1.752604
1.749467 0.866476
1.721111 1.211252
0.784728 1.447149
1.453696 1.357874
1.341269 1.224394
0.640612 1.332626
0.589009 1.209679
1.388247 0.365620
1.321389 0.706728
1.547004 0.963560
1.639052 1.754254
1.443669 0.924885
1.065201 1.347184
1.572199 1.290900
1.463145 0.782574
0.904152 0.625994
1.270598 1.144879
0.959868 1.557216
1.315755 1.570224
1.408757 0.097612
0.097612 1.408757
1.154412 0.823168
1.312084 1.046659
1.013146 1.200859
1.086706 0.519221
1.039745 0.654850
0.314792 1.759506
1.759506 0.314792
1.220741 1.739111
1.392298 0.559125
0.829446 1.623648
1.623301 0.828744
0.562367 1.396550
1.031957 0.366051
0.884354 1.264499
1.907796 1.182573
1.179844 1.902847
1.072877 0.203968
0.638071 0.885251
1.497256 1.626583
1.206434 0.567159
1.511925 0.685705
1.773032 1.615628
0.685225 1.512197
1.065828 1.786808
1.020584 1.030302
1.281920 0.851248
1.603308 1.412722
0.777415 1.794769
1.395779 0.259267
1.794769 0.777415
1.911381 1.580554
1.579705 1.910016
1.471050 0.725407
0.417798 1.911284
1.028458 0.187046
1.911284 0.417798
1.661524 1.387558
0.613133 1.050602
0.985180 0.396065
0.719029 1.039135
1.908856 1.912053
0.335834 1.034073
0.087691 1.588481
1.147470 0.263126
1.588481 0.087691
0.756525 0.780049
0.465997 1.099585
1.800899 1.312533
1.310845 1.801147
0.307900 1.418014
0.470265 1.793867
1.793867 0.470265
1.433296 1.187063
1.270876 0.217142
0.217142 1.270876
1.938648 0.260197
1.250330 0.985901
0.542773 1.549636
1.549636 0.542773
0.725945 1.315214
1.192352 0.392503
0.456510 1.322999
0.203864 1.914632
1.914632 0.203864
1.650352 1.122576
0.084072 1.796073
0.387587 1.052791
0.220119 1.849569
1.796073 0.084072
0.931603 1.368744
0.867012 0.957520
0.976073 1.107400
1.664833 1.001487
0.362627 1.431438
1.014770 1.764089
1.855854 0.443674
1.689685 0.717899
0.593202 1.730335
1.730335 0.593202
1.852845 1.210372
1.188530 1.530112
0.133349 1.662254
1.662254 0.133349
1.711791 0.304980
1.672818 1.035856
1.132664 1.199865
1.416594 1.141884
0.385288 1.949906
1.949906 0.385288
1.948883 1.724426
0.236913 1.501487
0.047667 1.616847
1.616847 0.047667
1.720388 1.951962
0.789201 0.872192
1.564350 1.091299
1.773306 1.843603
0.390881 1.189168
1.928514 1.416833
0.746236 1.151051
1.798185 1.233301
1.384808 1.018630
1.921873 1.822881
1.160991 1.725074
1.417561 1.929549
1.422406 1.054408
1.293469 1.253511
1.309103 1.346380
0.918418 1.305435
1.895785 1.863148
0.813199 1.671215
1.667634 0.807380
1.459278 1.595084
1.005840 0.687588
1.628220 0.877910
1.438018 1.233827
1.268159 1.708287
1.271648 0.593312
1.803976 1.649433
1.698241 1.114621
1.766844 0.121830
0.121830 1.766844
0.725053 1.267646
1.014808 0.610690
0.912589 1.226209
1.352284 0.109484
0.109484 1.352284
1.803346 0.590199
0.590199 1.803346
1.291816 0.260820
0.260762 1.291861
0.990123 0.331325
1.770344 1.459651
1.359406 1.807294
1.820829 1.914293
0.419375 1.296994
1.435668 0.302298
1.144374 0.928233
1.299535 0.077281
0.077281 1.299535
0.201523 1.377023
1.376177 0.202107
1.656179 0.435085
0.839260 0.667834
1.442434 1.095785
1.654200 1.273836
1.309000 1.403559
0.074959 1.925249
1.925249 0.074959
1.819488 1.456827
1.440108 0.415855
1.920076 1.681192
1.680956 1.924300
1.403227 1.275877
0.835807 1.030190
1.708174 1.547052
1.504696 1.704693
0.349390 1.694672
1.266315 1.607001
1.694672 0.349390
0.305263 1.272815
0.871674 1.923156
1.923156 0.871674
1.577756 1.831383
1.089107 1.179091
1.025748 1.276897
0.945701 0.509075
1.835429 1.575296
1.522929 1.067352
0.071940 1.661351
1.661351 0.071940
1.679548 1.694075
1.375302 1.762099
1.494526 0.165042
0.996998 1.385904
0.708402 1.761000
1.761010 0.708402
0.341629 1.928391
1.928391 0.341629
1.274103 0.305275
1.162281 1.239622
0.927550 1.477592
1.288459 1.303692
0.499971 1.725425
1.725425 0.499971
0.754742 1.383235
0.994421 1.641139
0.341908 1.348749
0.956324 1.716180
1.037244 1.526867
0.922374 0.888202
1.703011 1.803357
0.789328 1.518769
0.948826 1.248680
1.438887 0.846925
1.577424 1.134982
1.165221 0.071396
0.825265 1.567860
0.068303 1.163235
0.346119 1.553354
1.558698 0.343373
1.056726 0.952783
1.584009 0.900483
1.742626 1.140627
1.787869 1.102861
1.181193 0.999195
1.721441 0.954627
0.907702 1.835808
1.836859 0.908853
1.927713 1.105282
1.531465 0.062357
1.105282 1.927713
0.837413 1.152063
1.223001 1.814891
0.289577 1.490822
1.071049 0.813442
0.885056 1.339854
0.902733 1.586001
1.370500 0.888883
0.720064 0.934137
1.122862 0.357289
0.487480 1.377343
1.930412 1.002228
1.002228 1.930412
1.523636 1.341613
1.310365 0.777064
1.378872 0.747073
0.789039 0.897017
1.154749 0.512150
1.279005 0.450890
1.060422 0.589653
0.427127 1.491630
0.472124 0.959523
1.576795 1.189644
0.158384 1.801225
1.801225 0.158384
1.116535 0.678979
0.558170 1.840095
1.819805 0.044367
1.840095 0.558170
0.157440 1.447602
1.448169 0.157277
0.818058 0.815063
1.936226 0.542633
1.503144 1.414822
0.613622 1.146364
0.970048 0.643005
1.849569 0.220119
1.683337 0.862468
0.861212 1.684778
0.518987 1.054152
1.528744 0.796812
1.030913 0.301013
0.775958 1.269233
0.308161 1.618636
1.618636 0.308161
0.261693 1.152962
0.435085 1.656179
1.122842 1.750834
0.066756 1.064664
1.064330 0.066225
1.471858 0.069188
0.069188 1.471858
1.721310 1.488162
0.530850 1.176556
0.624179 1.421482
0.602033 1.278257
1.173696 0.137723
0.139233 1.171967
1.205632 1.414549
1.936308 1.236618
1.234789 1.934871
0.323288 1.831490
1.831490 0.323288
1.081105 1.657449
1.895397 0.458746
0.230883 1.616735
1.616735 0.230883
1.494200 0.276025
0.307034 1.316200
1.851930 0.991817
0.991817 1.851930
0.830185 1.397762
1.593793 1.617958
0.671116 0.827893
0.893135 0.710957
1.214734 0.843719
0.747186 1.639935
0.062803 1.860203
1.860203 0.062803
1.642870 0.752558
0.907023 0.563391
1.286008 1.513536
1.763179 1.678842
1.576410 1.740215
0.138332 1.935457
1.935457 0.138332
1.215728 1.301268
1.612624 0.972379
0.438371 1.258961
1.604745 1.450835
1.835977 1.784704
1.854966 1.116565
1.113286 1.860470
1.628960 1.331594
0.523078 1.243987
0.780754 0.722097
1.187779 1.643633
1.496928 0.413568
0.732616 1.468679
0.547333 1.613730
1.613730 0.547333
0.596038 0.969448
1.052388 0.142091
0.473225 1.936458
1.936458 0.473225
0.313447 1.121080
1.749705 1.011097
1.330144 0.325741
1.341636 0.406274
0.668152 1.177561
1.074818 0.677154
1.015802 0.872272
1.360194 0.061787
0.061787 1.360194
1.211660 1.129565
1.285587 0.621186
0.851380 1.461281
0.252188 1.225797
0.209141 1.125099
1.266583 0.510813
0.870353 1.211522
1.261398 0.156613
0.156613 1.261398
0.260197 1.938648
1.224348 0.252144
1.759876 1.363282
1.257891 0.712711
1.485170 0.963800
0.271980 1.022430
0.377511 1.765029
1.765029 0.377511
0.667585 1.574517
1.575083 0.667409
0.063424 1.741889
1.741889 0.063424
1.072421 1.050586
0.898010 0.831857
0.378526 0.990418
1.189641 0.844326
0.717925 1.689260
1.440875 1.649920
0.443674 1.855854
1.544919 1.431965
1.060350 1.743766
1.119549 0.890475
1.082099 1.507140
0.040977 1.897229
1.897229 0.040977
1.952001 0.357286
1.741724 1.786108
1.093806 0.156550
0.624848 1.189602
0.577435 1.576394
1.576394 0.577435
1.673917 1.572944
1.130160 0.720407
1.092049 1.614398
0.381217 1.581412
0.816211 1.483385
1.810779 1.006555
1.382006 0.605540
1.058511 0.770734
0.102487 1.959545
1.959545 0.102487
1.310535 1.615423
1.218737 1.186393
1.018029 0.401126
1.942981 1.519098
1.524008 1.940497
1.022210 0.514930
1.280383 1.448548
1.162351 1.473724
0.260520 1.734841
1.734841 0.260520
1.653827 0.715585
0.925268 0.952188
1.158798 0.453523
0.141183 1.568162
1.568162 0.141183
0.781062 1.028562
0.742479 1.212517
1.632788 1.657095
1.290484 1.200233
1.743399 1.264460
1.368056 1.690614
1.348228 0.526026
1.720897 1.592892
1.160773 0.647389
0.813217 1.940132
1.353022 1.374126
1.940132 0.813217
0.653503 1.073299
1.613972 1.534164
1.670012 1.169968
0.438425 1.153116
1.591083 1.511896
1.131061 0.180274
0.945002 1.417579
1.054943 1.402888
1.534966 0.630267
1.396904 0.503830
0.630242 1.534976
1.041090 0.719152
0.458746 1.895397
1.489755 0.536638
0.536495 1.490047
0.169878 1.747196
1.747196 0.169878
0.123727 1.052018
1.489695 1.827600
0.637660 1.845138
1.845138 0.637660
1.268287 1.087920
0.401273 1.543216
1.046949 0.423424
0.687204 1.360334
1.856244 1.331760
1.327526 1.854724
1.030197 0.241122
1.293849 1.855692
1.657113 1.060969
1.847282 0.756289
0.756289 1.847282
1.571893 0.400247
1.945101 1.632200
1.630793 1.944917
1.227276 0.362391
0.729881 1.098785
0.809991 1.752346
1.752725 0.808997
0.261650 1.814273
1.814273 0.261650
1.397726 0.963707
1.277391 1.755621
0.983966 0.985440
0.497176 1.595621
1.592885 0.488363
0.147866 1.381685
1.381685 0.147866
1.833973 1.518138
0.971418 1.055048
1.691759 1.439714
0.828869 1.259021
0.353875 1.870638
1.870638 0.353875
0.353773 1.233011
1.447047 1.854236
0.437708 1.435338
1.162692 0.878520
1.145437 0.767966
1.251882 0.056019
0.056019 1.251882
1.706279 1.856226
1.519218 0.741724
1.405186 1.458928
0.629141 1.943932
1.943932 0.629141
1.941136 1.772257
1.770206 1.946625
1.102552 1.310261
1.796552 0.833808
0.833808 1.796552
1.111577 1.365557
1.948022 1.287634
1.287634 1.948022
0.133682 1.020328
1.362803 1.069895
0.665920 1.031248
0.395300 1.336266
0.254877 1.402817
1.936044 1.466135
1.476095 1.948059
0.634068 1.646252
1.646235 0.633960
1.411925 1.326105
1.517825 1.009945
0.480652 1.504103
1.510011 0.488475
1.322974 0.203265
0.203261 1.322979
1.240105 0.415959
1.570250 0.830783
0.423115 1.600731
1.439963 1.414781
1.317165 1.114071
0.924100 1.755609
0.965678 1.164990
0.505851 0.919840
1.621450 1.804813
0.953057 0.450412
1.088115 1.897194
1.488281 1.190037
1.512166 0.916587
0.701885 0.782457
1.368012 0.676587
0.920823 1.943344
1.943344 0.920823
1.867171 1.434289
1.190767 1.851330
1.469016 0.648966
1.342541 1.524248
1.087731 1.711546
0.739736 1.520758
0.648570 1.465954
1.388749 0.432883
0.677791 1.290363
1.305287 0.992878
1.054281 1.948815
1.948815 1.054281
1.724721 1.647583
0.548482 1.710944
1.710944 0.548482
1.333833 1.278895
1.794836 1.860401
0.486195 1.011397
1.798705 1.408828
1.084653 1.554394
1.869319 1.701548
1.949709 1.871759
1.867731 1.948493
1.038918 0.768484
1.762543 0.921821
0.733002 0.986499
0.954889 1.610793
1.116584 0.050085
0.049167 1.116291
0.723956 1.945790
1.945790 0.723956
0.997277 0.235412
0.853073 0.620125
1.118183 1.133563
1.478208 1.313776
1.384405 0.310926
1.055497 0.474229
0.631802 1.236214
1.535255 1.260413
1.577661 1.240457
1.192837 1.696451
0.222459 1.028584
1.770294 1.188197
1.857045 0.930479
0.489483 1.282264
1.319200 0.886524
0.908473 1.706631
0.776630 0.847258
0.565261 1.032890
1.471129 1.745789
1.787467 1.763292
1.167197 1.376708
1.409729 0.790308
1.952366 1.951787
1.122181 0.557049
0.964472 0.759883
1.261617 1.035568
0.999442 1.593269
1.019143 0.818758
0.866652 0.793172
1.475595 0.882039
1.364896 1.568421
1.616905 1.707418
1.436401 0.352678
1.175022 1.763491
1.482911 0.830969
1.542424 1.873740
0.489006 1.146005
0.962070 1.508650
0.916553 1.528613
1.017646 1.327510
1.076541 0.340616
1.438043 0.537184
1.500676 1.497348
1.604900 0.439769
1.103716 0.244805
1.712135 1.369470
0.534142 1.356481
0.590252 0.871159
0.351831 1.163313
1.378517 1.186705
1.016554 1.077344
1.017350 1.146242
1.106670 0.473521
1.568550 1.010751
1.302156 1.664121
1.690430 1.746276
1.713087 0.906151
0.420000 0.964629
0.538028 1.439912
0.201978 1.579365
1.579401 0.202141
1.580146 1.343386
1.946836 1.151964
1.151964 1.946836
1.949075 1.376446
1.376446 1.949075
1.020936 1.810196
1.418674 0.047017
0.047017 1.418674
0.889018 1.876664
1.876664 0.889018
1.208978 0.956681
0.504887 1.827176
1.827176 0.504887
0.944631 0.595066
1.498108 0.804139
1.544059 1.605707
1.111793 0.846377
0.686856 0.891059
1.235144 0.606774
0.923862 1.127604
1.190985 0.790253
1.145385 0.308929
1.344342 0.581051
0.833917 0.919836
0.901660 1.472358
1.950664 1.106438
1.106438 1.950664
1.819712 0.887085
0.546501 1.160715
0.518204 1.667816
1.668114 0.518414
0.057587 1.336970
1.336970 0.057587
1.509722 0.362464
0.546715 1.234562
1.289337 0.783914
1.324953 1.780415
1.320351 1.148005
1.333078 0.610767
0.882787 0.561801
1.936544 1.663406
1.661492 1.934172
1.072506 0.790633
0.115464 1.942734
1.942734 0.115464
1.157629 0.240082
1.714924 1.045148
1.559042 1.381231
1.198765 1.013847
1.977177 1.038854
1.038854 1.977177
0.638679 1.212655
1.025167 1.504388
1.631195 1.134005
1.058788 1.652260
0.651653 1.629478
1.362088 1.015967
1.553155 1.404796
0.101844 1.570777
1.570777 0.101844
0.261990 0.988141
1.484803 1.237796
0.687541 1.020476
0.802399 1.186442
1.618353 0.993345
1.146406 1.256658
1.659100 1.981492
1.982613 1.656716
1.442579 1.918433
0.591590 1.153317
1.041912 1.423093
0.323493 1.015482
1.181314 0.867826
1.134766 0.207793
0.113759 1.890640
1.890640 0.113759
0.744303 1.048835
0.300522 1.895612
1.895612 0.300522
1.066511 0.865890
1.750598 1.828017
1.670214 1.431535
1.185445 0.553101
1.282431 1.491792
1.528904 1.317401
1.531458 1.497231
1.016034 0.045199
1.412002 1.573696
1.105026 1.521592
1.360214 1.148251
1.154214 0.153364
0.948110 0.368205
0.200055 1.790540
1.790540 0.200055
0.087674 1.057191
0.894563 0.593839
1.135879 0.483679
0.758859 1.447142
1.702552 1.720051
0.638527 0.808839
1.819549 1.754976
0.885429 1.179734
1.485997 0.995576
1.517409 0.974167
0.595267 1.177096
0.952082 1.295174
1.350670 0.302963
1.771364 1.490349
1.555220 1.765438
1.353490 0.357167
0.617226 1.814640
1.814640 0.617226
0.523847 1.274599
0.073591 1.222738
1.222738 0.073591
1.974848 1.114343
1.114343 1.974848
1.355689 0.436405
0.465833 1.164616
1.582351 1.705902
0.527795 1.856321
1.856321 0.527795
0.306731 1.040332
1.743183 1.926780
1.972275 1.541873
1.541388 1.970846
1.103520 0.083302
0.193056 1.012090
1.574712 1.426418
1.142028 0.854359
0.658211 1.354296
0.088200 1.122561
1.242210 1.507781
1.170305 1.671957
1.236716 0.138061
0.137925 1.236896
0.965891 1.394145
1.476862 1.856976
1.437264 1.614048
1.035474 1.233075
1.030855 0.071037
1.032384 0.490594
1.054190 0.508347
1.867668 1.360567
1.360567 1.867668
0.711506 1.210609
1.801242 1.599730
1.416975 0.918924
1.080300 1.284278
1.261642 0.649059
0.884271 1.298352
1.093798 1.339369
0.490315 1.066492
1.290097 1.023544
0.836259 0.952782
1.499867 0.717468
1.115587 1.492993
1.351211 0.908583
1.018943 0.137452
1.091458 1.745584
1.255193 0.387875
0.996198 0.844293
1.277703 1.413275
0.407716 1.266851
1.340667 1.136837
0.506889 1.484149
1.483268 0.503496
1.668331 0.472687
1.697695 1.468681
1.593709 0.792584
0.618231 1.373721
1.523656 0.319230
1.880365 1.542188
1.807080 1.358439
0.883183 0.913020
0.874723 1.634309
0.785922 1.606811
1.107710 1.815676
0.158890 1.128980
0.789070 1.138906
0.443273 1.370667
1.527640 1.665141
1.659965 1.224117
0.808294 1.891527
1.891527 0.808294
1.175011 0.604758
1.827656 1.272150
0.203277 1.614036
0.852770 1.301690
1.895741 1.625035
1.627754 1.897111
1.577417 1.786971
1.835522 1.077691
0.624438 0.839120
1.274377 1.830212
0.309698 1.073311
0.827166 0.984900
1.393107 1.651549
0.842826 1.076138
1.061459 1.001076
1.804859 0.727330
0.727330 1.804859
1.445864 1.509301
1.424157 0.742033
0.165568 1.495014
1.894623 1.379920
1.377956 1.897884
0.390789 1.673797
1.669390 0.389913
0.932090 1.076218
1.280086 0.672990
1.877306 1.812295
1.788405 1.572191
0.111134 1.455155
1.455155 0.111134
1.613100 1.381180
1.167067 1.116087
0.462291 1.054372
1.154371 1.562406
0.420130 1.089105
1.216942 0.525588
0.124780 1.616542
1.616542 0.124780
1.274613 0.799357
0.044489 1.698164
1.698164 0.044489
1.321873 0.822458
0.738304 0.738304
1.862790 1.897288
0.463561 1.694025
1.696647 0.459655
1.667477 0.315272
0.315272 1.667477
1.416329 0.373149
1.459230 1.254248
0.300075 1.368337
0.767279 1.333978
0.799476 1.833963
1.833963 0.799476
1.309092 0.491674
1.176161 0.350484
1.528388 0.380040
1.220462 1.888296
1.524526 0.581508
1.916170 0.708001
0.581493 1.524519
0.214237 1.733398
1.733398 0.214237
0.303893 1.954520
1.954520 0.303893
1.329048 1.757361
1.204792 0.048017
0.048017 1.204792
1.954599 0.583273
0.295372 1.848963
0.583273 1.954599
1.955434 1.568801
1.569986 1.954966
1.441312 0.980983
1.477277 1.065328
0.544542 1.884316
1.884316 0.544542
0.043417 1.573038
1.573038 0.043417
0.794720 0.680889
0.400850 1.235453
0.969453 0.879108
0.272465 1.451497
1.091750 0.925716
1.250822 0.558713
1.254876 1.804276
0.320418 1.460920
0.431452 1.955941
1.955941 0.431452
0.509146 1.768944
1.768944 0.509146
1.424468 1.552334
0.202588 1.648138
1.648138 0.202588
0.181232 1.954203
1.954203 0.181232
0.308365 1.531453
1.252990 0.883555
1.505633 1.580639
1.462431 1.152043
1.031785 0.915356
1.611506 1.096064
1.798682 0.679151
0.679151 1.798682
1.080853 0.388165
1.248825 1.406266
1.343996 1.427304
1.425922 0.021508
1.858844 1.160387
1.065032 1.834128
1.497079 0.231572
1.624030 1.013528
0.627550 1.007576
0.044367 1.819805
1.482283 1.666672
1.646552 1.435528
1.113486 0.800363
1.038989 1.640729
0.043967 1.956502
1.956502 0.043967
0.732373 0.819552
0.897091 1.551678
0.581862 1.440361
0.319807 0.994322
1.117996 1.462835
1.621246 1.155563
0.966019 1.954575
1.954575 0.966019
1.207392 0.695890
1.954066 0.770744
0.770744 1.954066
1.272705 0.112249
0.112249 1.272705
0.193975 1.422650
1.421190 0.194262
0.801853 0.773224
0.891025 0.995907
1.440776 0.582451
0.735673 1.423884
1.673879 1.341813
1.141849 0.399126
1.057404 1.304194
1.199180 1.342206
1.542217 1.164221
0.659918 1.750941
1.750960 0.659894
0.569802 1.154789
0.510579 1.098976
0.565526 1.249072
0.948962 1.838226
1.831770 0.951927
1.674942 0.960675
0.398324 1.457743
1.425795 0.456324
0.672822 1.880900
1.880900 0.672822
1.407003 1.370496
0.883674 1.149381
0.464770 1.624214
1.636450 1.601720
1.419484 1.753401
1.669544 1.528389
1.955517 1.195085
1.195085 1.955517
1.533835 1.823923
1.144488 0.974779
0.343298 1.391986
1.038480 0.100974
0.114765 1.829131
1.829131 0.114765
1.757091 1.310820
0.707820 1.186288
1.469145 0.448860
1.698765 1.032122
0.960047 1.670279
0.773132 1.082229
1.724301 1.698649
0.239504 1.888794
1.888794 0.239504
0.708001 1.916170
1.230414 0.202938
0.202953 1.230483
1.503483 1.455541
0.804975 1.238624
1.781423 1.336521
1.451449 0.750344
1.326546 0.550298
1.282530 0.482804
1.639919 1.180107
1.709693 1.620259
1.519210 0.553864
0.553847 1.519220
1.321558 1.251818
1.725156 1.241490
1.278259 1.334668
1.513959 1.169323
0.268884 1.705536
1.705536 0.268884
1.144952 1.355855
1.442432 0.383078
1.860444 0.103599
0.103599 1.860444
0.138945 1.904713
1.904713 0.138945
0.496295 1.176394
1.457597 1.678751
1.432577 1.447250
0.533813 1.080792
1.253290 1.734600
1.572579 0.433239
0.559353 1.330549
0.138978 1.743980
1.743980 0.138978
0.757156 0.867545
1.124447 1.647691
1.196414 0.437759
0.658494 1.391634
0.400814 1.869447
1.869447 0.400814
0.496447 1.329449
1.405444 1.802158
0.903147 0.517761
0.985713 1.080381
1.957587 1.331640
1.331640 1.957587
1.035771 1.483257
1.388128 1.232865
1.795262 0.883737
0.880943 1.796524
0.979396 1.281967
1.095011 1.425233
0.101717 1.548112
1.548112 0.101717
0.952988 1.205540
1.541449 1.517483
1.402719 1.093987
1.350147 0.993288
1.750176 1.850887
1.277456 0.749936
1.475509 0.317701
0.164355 1.028955
0.883363 0.664499
0.509207 1.956250
1.956250 0.509207
0.866585 0.579522
1.890803 1.226287
1.902112 1.297078
1.297078 1.902112
0.463287 1.746111
1.746111 0.463287
0.350060 1.075896
0.195998 1.814897
1.814897 0.195998
1.150179 0.221425
1.549708 0.497717
0.497761 1.550170
0.949612 0.553985
1.526070 0.103562
1.446174 1.283123
0.430828 1.816439
1.816439 0.430828
1.203895 1.260366
0.997066 1.240598
0.222945 1.961984
1.961984 0.222945
0.745971 0.900684
1.815419 1.820186
0.823025 0.709845
0.237221 1.697677
1.697677 0.237221
1.324847 0.039841
0.039841 1.324847
0.996955 0.729355
1.164403 0.558316
0.592922 1.622578
1.622572 0.592914
1.173290 1.069616
1.369065 1.483545
0.758890 1.065834
1.226281 1.626084
0.986955 0.502496
1.093016 1.094071
0.344364 1.791723
1.791723 0.344364
1.052063 0.848846
0.541126 1.667633
1.667633 0.541126
0.222497 1.085530
0.039227 1.778803
1.778803 0.039227
1.749462 1.554721
1.273024 1.565087
1.209557 0.741613
0.708206 1.600504
0.814047 0.865679
0.827614 1.711185
0.771674 1.484037
1.711270 0.827463
1.065985 0.262349
0.678418 0.935972
1.888745 1.006752
1.010285 1.885951
0.477664 1.243577
0.849310 1.963852
1.963852 0.849310
1.597209 0.710146
1.019004 1.429307
1.596596 0.146741
1.176446 1.604470
1.548971 1.706051
1.413999 0.890846
0.780420 1.561043
1.553707 0.710051
1.664306 1.785830
0.223470 1.595077
0.674242 1.961035
1.961035 0.674242
0.566276 1.074364
0.396291 1.148573
1.759648 1.065790
1.517474 1.300156
0.695475 1.071518
1.337550 0.741358
1.246522 1.583803
0.621371 1.687641
1.687613 0.621388
0.691711 1.461863
1.350934 0.855821
1.019269 0.975202
1.325075 0.660149
1.776528 1.720848
1.541388 0.237294
0.151881 1.698843
1.698843 0.151881
1.837689 1.034155
0.789382 1.405600
1.246202 0.942473
1.852035 1.745054
1.237052 0.289725
0.149469 1.085920
0.844264 1.350587
0.595839 1.853412
1.853412 0.595839
0.880939 0.750411
0.926730 0.735733
1.495913 1.368889
0.289198 1.235662
1.000137 1.549071
0.674463 1.676508
1.676557 0.674478
1.461490 0.265426
0.345767 1.734704
1.734704 0.345766
0.236131 1.541384
1.050104 1.175897
1.436303 0.812283
1.714568 1.169084
1.254379 1.281883
1.957982 1.806963
0.248231 1.758323
0.584914 1.052712
1.803898 1.957599
1.830151 1.616918
0.854502 0.833235
1.582042 0.942539
0.434656 1.205999
1.482132 1.105663
1.297183 0.415277
1.959096 1.418819
1.419304 1.958115
0.933896 0.809793
1.831301 1.681876
0.655984 1.607468
0.540820 0.885480
1.372508 1.609469
0.542624 0.948567
1.813379 1.189879
0.691933 0.998748
0.895623 1.443479
1.607887 0.658105
0.301645 1.158949
1.351643 0.782752
1.498141 0.040055
0.846519 1.491547
0.040055 1.498141
1.203691 1.924787
1.774760 0.269347
0.269347 1.774760
0.797966 1.366313
1.594660 1.569598
0.712180 1.554725
1.372429 0.928842
0.327251 1.884940
1.884940 0.327251
1.489328 1.789546
1.786612 1.274651
0.092236 1.887712
1.887712 0.092236
0.705702 1.139433
0.813769 0.640386
1.959334 1.907734
1.908972 1.959647
1.172575 0.931762
1.609781 1.268753
1.453085 1.899125
1.506670 1.226143
0.838635 1.597309
0.307715 1.578529
1.577583 0.306282
0.780766 1.171342
1.606942 1.859855
1.868355 1.592275
0.344528 1.601221
1.602220 0.345277
1.382546 0.650837
1.960559 1.662934
1.659466 1.959014
1.177983 1.199512
1.900744 1.136345
1.134632 1.902035
1.242401 1.775412
1.825519 1.119815
0.979325 0.797980
1.002005 1.682029
1.534051 1.380322
0.643422 1.275087
1.252133 1.323690
1.521786 1.739629
1.906787 1.456593
1.758592 1.227346
1.911531 0.735364
0.640259 1.906690
1.906690 0.640259
1.534348 1.099849
0.102923 1.189029
1.189029 0.102923
0.340397 1.289487
0.105504 1.146810
1.146573 0.105981
0.693959 1.723958
1.638732 0.795267
1.066087 0.172056
0.858502 1.596831
1.287808 0.965697
0.232871 1.351704
1.355803 0.229009
1.672202 1.879619
1.471288 0.392314
1.405326 0.396914
0.474101 1.419720
1.724085 0.693904
0.272700 1.601357
1.601357 0.272700
1.024929 0.562622
0.510677 1.916520
1.916520 0.510677
1.635768 0.469173
1.326702 0.374378
1.288204 0.348357
0.827866 1.426903
1.337834 1.679187
0.547936 1.212967
0.196817 1.482583
0.084965 1.698299
1.698299 0.084965
1.775716 1.252096
1.202839 0.627757
0.967301 1.361729
1.374092 1.291609
0.929861 1.795972
0.039711 1.280125
1.280125 0.039711
1.233900 1.851880
0.831084 1.176471
0.999108 1.722533
1.704121 0.992511
0.092894 1.034329
0.629542 1.109424
0.889911 1.491717
0.970785 0.368689
1.784965 1.902222
1.095778 0.966809
0.756597 0.943174
0.389250 1.721169
1.721169 0.389250
1.297622 0.177695
0.177695 1.297622
0.376009 1.906680
1.906680 0.376009
0.728244 1.354347
0.040665 1.036180
1.037326 0.039017
1.087516 1.962061
1.962061 1.087516
1.319515 0.296784
0.937911 0.850255
1.670214 1.298596
1.278667 1.362649
1.228718 1.445762
1.179495 1.297637
1.767178 0.602852
0.602852 1.767178
1.111417 1.568354
1.712055 1.898129
1.562676 1.042690
1.308708 0.606552
0.920846 0.479826
1.898446 1.092168
1.809294 1.498697
1.856026 1.487482
1.913106 1.786729
0.172552 1.351573
1.351432 0.172649
0.846952 1.894394
1.894394 0.846952
1.155194 0.687724
1.315572 0.117451
0.117451 1.315572
0.542075 1.806373
1.806373 0.542075
1.256750 1.182441
1.828665 1.883811
1.556885 0.899099
0.810642 1.285997
1.478431 0.928156
0.950310 0.920325
1.184194 0.241053
0.815371 1.051446
0.596058 0.905729
1.650409 1.710786
0.351481 1.651880
1.145520 1.139804
1.658624 0.362336
0.716342 1.390234
1.616667 0.920477
1.076995 1.137946
1.751932 0.974247
1.152778 1.862169
0.953741 1.463471
0.165463 1.907240
1.907240 0.165463
0.359781 1.529299
1.209463 1.223008
1.470965 0.189061
1.193494 1.797569
1.666167 1.651700
1.628821 1.507027
0.265752 1.855961
1.855961 0.265752
0.245008 1.118576
1.006629 0.262429
0.223777 1.982395
1.500149 0.772311
1.347370 1.035943
0.240733 1.184829
1.170045 1.440114
1.688945 0.510153
0.509878 1.689056
1.916732 1.716165
0.035264 1.667135
1.667135 0.035264
1.353996 1.729285
1.094348 0.581667
1.035742 1.377921
1.056401 1.256742
0.088146 1.626420
0.900083 0.895920
1.626420 0.088146
1.885437 1.671461
0.526379 1.401650
1.829219 1.426744
0.798286 0.934963
0.892028 0.874145
0.877304 1.376841
1.975391 0.344140
0.344140 1.975391
0.930618 1.270873
1.962918 0.890917
0.890917 1.962918
1.458984 0.695373
1.791843 0.934003
1.164728 1.697747
1.742134 1.102367
0.971842 1.752411
1.593565 0.867144
0.399225 1.500542
1.571937 1.634991
1.469173 1.704433
1.252257 0.472309
1.388439 0.711329
1.230385 1.691494
1.422952 0.138747
0.139948 1.425118
1.091047 1.214672
1.028796 1.849079
1.419921 1.007449
1.917878 0.291945
0.291945 1.917878
1.132149 0.147299
0.767554 1.109121
1.691800 1.502708
1.322652 0.920621
0.504362 1.203370
1.149571 0.037287
0.040893 1.150732
0.774030 1.230672
1.081939 1.383335
0.902883 1.910877
1.910877 0.902883
1.261469 1.480654
1.133331 1.240564
1.034675 1.564224
1.546493 0.418201
0.384985 1.367863
0.367951 1.320492
1.503606 1.541203
0.471164 1.836630
1.836630 0.471164
0.870014 1.834863
1.834900 0.870157
1.017068 1.959186
1.959186 1.017068
0.786036 0.816946
0.156972 1.852062
1.852062 0.156972
0.528766 1.139946
0.240014 1.656393
1.656393 0.240014
1.177668 0.486947
1.006716 1.118987
1.501907 0.084477
0.084477 1.501907
0.476055 0.922534
1.392826 1.727008
1.906089 0.983339
0.737856 0.881067
0.983699 1.905804
0.869334 1.558499
1.711581 1.400506
0.279657 1.642596
1.642596 0.279657
0.695066 1.168613
0.827918 1.531153
1.002491 1.501885
1.412404 0.331059
0.265342 1.531048
0.820432 1.107444
1.746439 1.510080
0.175662 1.164463
1.060674 0.317116
1.133912 0.638725
0.319821 1.502605
0.577068 1.299730
0.166325 1.525746
1.531099 0.160898
1.626964 1.230939
1.187907 1.035961
0.717927 1.654505
1.064026 0.550913
1.888135 1.326330
1.667407 1.827270
1.209308 1.379761
0.666983 0.790460
0.175195 1.397258
1.080036 0.102397
1.238061 0.811246
1.960445 1.256265
1.256109 1.960323
0.452775 1.524509
0.464198 1.478151
0.499777 0.965571
1.119919 1.052430
1.777827 1.140540
1.316587 0.450103
0.041795 1.383315
1.383315 0.041795
0.964949 0.679952
0.926908 1.562049
0.673648 1.327524
1.233843 1.098214
1.474930 1.423448
0.270695 1.174600
1.661680 0.162414
0.162414 1.661680
0.303361 1.796361
1.796361 0.303361
1.045608 1.917740
1.917740 1.045608
0.790753 1.641881
0.100840 1.075567
0.964727 0.962669
1.185642 0.278809
0.911407 1.617262
0.249820 1.051521
0.250389 1.257335
1.414978 1.884482
0.666154 0.862305
1.421432 0.229423
0.760072 1.302144
1.519835 0.452782
1.626865 0.414106
0.176321 1.779168
1.779168 0.176321
1.257010 0.250648
1.082840 0.037723
0.037464 1.083557
0.946393 0.419287
0.682244 1.598823
0.345621 1.198836
0.929908 1.857497
1.122716 0.513901
1.119867 0.328172
1.305002 1.429272
0.430698 1.059765
1.098315 0.708330
1.384411 0.476143
1.330033 1.082549
0.754667 1.682474
0.571339 0.997332
0.863417 1.112477
1.677135 0.752311
1.449799 1.827449
0.242069 1.581745
1.581696 0.241927
1.055813 0.624501
1.908734 1.263380
1.262985 1.907706
1.451716 0.031881
0.031881 1.451716
1.579762 1.476986
1.247239 0.327924
1.318141 1.303381
0.286161 1.123231
1.279664 1.789967
1.294886 0.531643
1.163683 0.174436
1.964634 1.499863
1.499210 1.964530
0.865844 0.709146
1.503603 0.650045
0.875217 1.722634
1.073109 0.444719
1.685922 1.081452
1.744279 0.528899
0.528899 1.744279
1.552743 1.320457
0.649829 1.503261
1.921907 0.580243
0.580243 1.921907
0.968430 1.017763
0.552281 1.967001
1.967001 0.552281
1.237785 1.151415
1.806979 1.543425
1.683431 0.895079
0.445681 0.983714
1.422674 1.678009
1.425503 0.662619
1.833869 1.236783
1.357346 0.140940
1.301026 1.168776
0.658126 1.434879
0.653140 1.150405
0.227012 1.807581
1.807581 0.227012
1.101015 1.780959
1.604888 1.758372
1.561900 0.780710
1.576681 1.874916
1.108198 0.211148
1.197666 1.157722
0.370058 1.024840
0.663614 1.210610
0.704351 0.959423
1.380468 1.355192
1.583467 0.534581
0.534581 1.583467
1.723406 1.451524
1.044449 1.450125
1.197747 1.093675
1.504798 1.856506
1.688558 0.930067
0.742391 1.716977
1.522570 0.527234
0.527208 1.522617
1.129372 0.284471
1.530101 0.286254
1.311938 1.500087
0.926292 1.045766
1.755164 1.646921
1.370814 1.449625
0.344867 1.761441
0.481425 1.352463
1.523648 1.903607
1.651911 0.852621
1.854978 1.293661
1.191641 1.494920
0.223442 1.160123
1.463396 1.398468
0.341561 0.971066
1.365226 1.260208
0.935961 0.639387
1.717318 0.742165
1.518173 0.829253
1.747738 0.095067
0.095067 1.747738
1.727539 1.811627
1.124488 1.168857
1.353339 0.713775
1.191095 0.529771
1.002251 0.651025
0.614008 1.309190
1.017703 0.947217
1.466826 1.217609
0.178572 1.104375
0.519050 1.020051
1.162699 1.507718
0.422128 1.567607
0.766438 1.000029
0.660607 1.539342
0.355999 1.837122
1.837122 0.355999
1.540307 0.660386
1.446148 1.327846
1.341258 1.593701
0.982447 0.535594
0.900750 0.733019
1.769470 1.394001
0.408949 1.631498
1.565231 0.637587
1.378786 0.530624
0.637657 1.564988
0.170668 1.580326
1.580329 0.170680
1.105514 1.683243
0.419686 1.687360
1.687360 0.419686
0.460661 1.664672
1.385785 1.153078
0.438881 0.937931
0.974964 0.604070
1.728292 0.640451
0.640456 1.728306
1.040768 1.056458
1.608176 0.756936
0.245103 1.005572
0.988698 0.302738
1.601266 1.643764
0.895379 1.675025
1.286625 0.882777
1.787036 1.017427
0.778945 1.876251
1.876251 0.778945
1.050334 1.673556
1.179282 0.760222
0.846162 1.653124
0.268716 1.374690
1.722104 0.857339
0.289052 0.986970
1.309934 0.243410
1.366513 0.499519
1.677520 1.140240
0.238115 1.317727
0.601244 1.399618
1.229999 0.446647
1.628655 1.474557
1.306537 1.535747
1.032060 0.332762
0.855242 1.413191
1.458536 0.618985
0.108884 1.919592
1.919592 0.108884
0.704006 0.837155
1.553417 0.932041
0.395537 1.789632
1.789632 0.395537
1.848963 0.295372
0.618743 1.453617
0.981976 1.432693
0.517830 1.620970
1.623472 0.519322
1.199696 0.673198
1.145933 1.632006
1.201272 1.454065
1.640268 0.953908
0.751044 0.706547
1.294649 1.471821
1.969281 1.599068
1.598239 1.969952
1.578383 0.977439
1.215843 1.663907
1.921961 1.495517
1.871600 1.772725
0.811869 1.015400
1.495137 1.027448
0.419284 1.123465
1.627600 1.872841
0.706159 0.747573
0.466404 1.586751
0.988080 1.816532
0.068478 1.392967
1.561804 1.263842
1.392967 0.068478
1.275557 1.643181
1.163916 0.422786
1.971346 0.461246
0.461246 1.971346
1.563355 0.605055
0.393668 1.429782
0.596671 1.242448
1.171654 0.962804
1.982395 0.223777
0.592481 0.938623
0.738883 1.607457
0.605058 1.563325
1.146548 1.777061
1.469294 0.569306
0.568047 1.469939
0.459321 1.293866
1.737631 0.566699
0.566699 1.737631
0.986890 0.441768
0.808650 1.781061
1.781124 0.808485
0.081800 1.333109
1.333109 0.081800
0.082551 1.837589
1.837589 0.082551
1.778382 1.592626
0.835529 1.222510
0.862736 1.243583
1.207133 0.872939
0.346442 1.126513
0.137664 1.290417
1.290417 0.137664
1.971422 1.838413
1.834420 1.973543
0.032369 1.869953
1.869953 0.032369
0.131349 1.968082
1.968082 0.131349
1.866868 0.961264
0.961264 1.866868
1.407215 0.815165
1.496260 1.922765
1.185282 1.563161
1.612202 1.306473
1.476590 0.137694
0.138070 1.476532
0.599181 1.024041
1.011467 0.213132
1.252491 0.837015
0.435187 1.401718
0.387944 0.958098
0.952823 1.922507
1.922542 0.952778
1.799015 1.691009
0.855966 0.999787
0.833327 0.782719
1.439071 0.082926
0.082926 1.439071
0.923569 1.401533
1.321457 1.197139
0.028285 1.544341
1.544341 0.028285
0.716760 1.498700
0.327234 1.243887
1.716246 1.280330
1.109036 0.384020
1.372131 0.392408
0.871400 0.536433
0.916927 1.337852
1.614039 0.203287
1.688193 1.209589
0.634098 1.356096
0.692836 1.652076
1.387403 1.430825
0.779168 1.385894
1.000899 0.518694
1.531563 0.943483
0.612380 1.841026
1.841026 0.612380
1.877861 0.259946
0.259946 1.877861
1.224337 1.790680
1.300709 0.464024
1.163591 0.990734
1.464902 0.975519
1.270048 0.899215
1.436114 0.606271
1.459382 0.596040
0.709681 1.473007
0.836722 0.639285
1.169123 0.396033
0.021568 1.400283
1.400283 0.021568
0.579674 1.267319
1.120350 0.406042
1.293098 0.588286
0.763423 0.827280
1.058562 0.089289
1.723841 1.186824
1.198645 0.258929
1.173370 0.301158
1.976961 0.296125
0.296125 1.976961
0.051216 1.550259
1.550259 0.051216
0.495346 1.402269
0.454621 1.948326
1.948326 0.454621
1.895687 1.940853
0.684052 0.847854
1.332170 0.020433
0.020433 1.332170
0.563647 1.817661
1.817661 0.563647
0.533178 1.200127
1.370857 1.037438
1.658091 0.688940
1.911214 1.016847
1.017227 1.910721
1.439590 0.281403
1.894788 0.399558
0.399558 1.894788
0.640796 1.590138
1.011194 1.481841
1.231236 0.994299
1.978974 1.864222
1.863707 1.978486
0.251130 1.560196
1.010880 1.568434
0.972559 1.836716
1.627449 1.849395
1.666053 1.908013
0.280815 1.146553
0.360630 1.717365
1.717242 0.360606
1.781504 1.070367
1.664521 0.940734
1.347540 0.807053
1.219619 1.243616
0.678916 0.956455
1.190236 0.650216
1.007518 0.489279
0.186651 1.597388
1.597395 0.186684
1.352632 0.932781
1.471724 1.771685
1.590412 0.640808
1.275509 1.170862
1.740466 1.044862
1.913606 1.546324
1.390961 1.048214
1.914155 1.648663
1.643734 1.915907
0.409916 0.994886
1.642367 1.303209
1.417087 1.834079
1.548084 1.135106
0.668596 1.828177
1.828177 0.668596
0.580447 1.703742
1.703743 0.580447
0.652734 0.916571
1.391845 1.548621
0.776194 0.754309
0.031614 1.728025
1.728025 0.031614
0.809047 0.739407
1.210667 1.770202
1.417296 1.490932
1.290387 0.719813
1.416546 1.213470
1.756188 1.584267
1.003378 1.355022
1.640182 0.986512
0.126599 1.201153
1.201988 0.127972
1.969261 1.749770
1.747417 1.970485
1.737565 1.384392
1.016966 0.436596
0.952496 1.136631
1.409446 0.285511
0.188877 1.452539
0.837655 1.766355
1.766637 0.836836
1.670801 0.783432
0.941552 0.974533
1.259174 1.114351
0.928359 1.448233
0.274813 1.967892
1.967892 0.274813
1.270820 0.081253
0.081253 1.270820
1.584578 0.460003
0.029505 1.924931
1.924931 0.029505
1.257439 0.187721
0.187721 1.257439
1.651523 1.355826
1.132486 1.838722
0.699104 1.973057
1.973057 0.699104
1.657165 1.678422
0.915906 0.920905
1.333719 1.823465
0.904270 0.803456
1.239297 1.210046
1.446392 1.972644
1.970813 1.446208
1.410911 1.427116
1.064511 0.919168
1.455697 0.951287
0.809361 1.161612
1.973125 1.690657
1.689444 1.972361
1.090956 0.777799
1.580363 0.367278
0.583896 1.128349
1.256946 0.352580
1.220731 0.390398
1.825134 1.332192
0.559660 1.643135
1.643135 0.559660
0.627374 0.965650
0.327456 1.859053
1.859053 0.327456
0.074715 1.973731
1.973731 0.074715
1.501130 1.759452
1.396793 0.176836
1.318156 0.853616
1.225166 1.967606
1.967606 1.225166
1.073684 1.920534
1.920534 1.073684
1.144082 0.577093
1.270160 0.419402
1.082132 1.584567
0.995292 0.897132
1.374481 0.281425
1.085790 1.021230
1.044967 0.888341
1.558407 0.863437
1.878682 1.405556
0.221534 1.406292
1.877517 0.576098
0.576098 1.877517
0.453380 1.232281
1.675253 0.647891
0.099708 1.673415
1.673415 0.099708
0.984890 1.211829
1.725313 1.341478
1.428785 0.511166
1.625780 0.730536
1.314516 0.631764
1.971249 0.611433
0.611433 1.971249
0.508581 1.428002
1.084262 1.861881
1.041062 0.745616
0.118316 1.586284
1.586284 0.118316
1.023936 1.612301
1.530417 0.348784
0.647791 1.675383
0.949189 1.642525
1.380920 0.116530
0.116530 1.380920
0.897949 0.964686
0.210274 1.875640
1.875640 0.210274
1.000707 1.787652
0.399983 1.024865
1.251282 0.682849
0.370018 1.399964
0.442966 1.926105
1.926105 0.442966
0.860228 1.055234
1.190213 1.725192
1.496818 0.199580
1.060299 0.231154
0.918963 0.707010
1.850907 1.545877
0.812969 1.601159
1.280414 1.057472
0.630656 1.876264
1.876264 0.630656
0.461104 1.131029
1.125017 0.451515
0.401206 1.747911
1.747911 0.401206
1.241135 0.738396
1.805740 1.786505
1.650180 1.628421
1.109850 1.403073
1.969518 0.794615
0.794615 1.969518
1.926236 1.745305
0.931254 1.681967
0.782640 1.736415
1.736478 0.782503
1.588451 1.543228
1.407751 0.593227
1.918792 0.232549
0.232549 1.918792
1.804835 1.079222
1.249254 1.064271
1.353195 1.098677
1.466265 1.628824
1.881984 0.377875
0.032599 1.352400
1.352400 0.032599
0.735752 1.774263
1.774263 0.735752
1.369063 0.973279
1.602390 1.675164
0.072836 1.561324
1.561324 0.072836
1.039976 0.792591
0.292017 1.739061
1.739061 0.292017
1.628402 1.045819
1.271788 1.230543
1.135876 0.078384
1.758323 0.248231
0.886107 1.819268
0.019425 1.372288
1.372288 0.019425
0.198057 1.400806
0.710443 1.368329
0.971471 1.638105
1.673952 0.497267
0.475973 1.331329
1.145281 1.711255
1.602913 1.329420
1.713931 0.712396
1.119683 1.219348
0.217852 1.898088
1.898088 0.217852
1.732337 1.721424
1.756494 1.534991
0.118694 1.744948
1.744948 0.118694
1.906435 1.479150
1.794657 0.279873
0.279873 1.794657
0.598342 1.593740
1.593907 0.598242
0.946282 0.662564
0.766968 0.891295
0.477376 1.606493
1.537341 0.817482
1.921000 1.624132
1.496524 1.561174
0.225961 1.105178
1.483864 1.686647
1.042189 0.969897
1.663507 1.083236
0.261848 1.321162
0.511293 1.077314
0.532388 1.912203
1.912203 0.532388
0.990823 1.950014
1.950024 0.990812
0.804834 0.913409
1.038371 1.078186
1.611702 1.602533
0.094060 1.816070
1.816070 0.094060
1.678593 1.802823
0.949630 0.737065
1.091641 0.685946
0.729032 1.191775
0.947605 1.058580
0.437134 1.281907
1.255711 1.342797
1.860200 1.791426
1.429068 1.469724
1.454747 1.438631
0.215002 1.828463
1.828463 0.215002
1.599290 0.296291
0.296762 1.599099
0.066924 1.817606
1.817606 0.066924
1.946793 1.215928
1.214683 1.945695
1.801846 0.180167
0.180167 1.801846
0.357286 1.952001
0.813991 0.663080
1.586197 1.850644
1.308626 1.873296
0.742796 1.005620
1.502070 1.942877
1.202573 1.201781
0.346471 1.506568
0.154577 1.154831
1.982723 0.671907
1.892569 1.034612
1.037759 1.893612
0.671907 1.982723
0.562043 1.363421
1.061700 1.083035
1.195446 0.820276
0.939749 1.971791
1.971791 0.939749
0.749837 1.026750
1.547959 1.799124
0.783660 1.674433
0.354244 1.266543
1.859228 0.724091
0.724091 1.859228
1.771571 1.426695
1.642633 1.091290
1.935062 1.596570
1.594124 1.938631
0.985596 1.138410
1.567726 1.585363
1.608113 1.127909
1.881950 1.194828
1.203970 0.337929
1.502862 0.885081
0.335417 1.629218
1.626326 0.330953
0.840357 1.924840
1.924840 0.840357
0.769126 1.537734
0.414670 1.364122
0.900955 1.739459
1.122867 1.332816
1.380386 0.777419
1.744288 1.172288
1.034783 0.688122
1.527253 1.632974
1.000845 0.375598
1.550494 0.313645
1.427581 0.259690
0.069008 1.770756
1.770756 0.069008
0.345035 1.004855
0.839583 1.734448
0.929330 1.727810
1.032118 1.786575
0.472116 1.866587
1.866587 0.472116
1.036547 0.271200
1.228618 0.029849
0.029849 1.228618
0.148059 1.634909
1.634909 0.148059
1.002642 1.052800
1.549824 1.920118
1.816161 0.753982
0.753982 1.816161
0.962320 0.484133
1.845815 1.814768
0.561077 1.188305
0.565925 0.966453
0.792642 1.917471
1.917471 0.792642
1.719122 1.762792
0.668591 1.260998
1.970884 0.646681
0.646681 1.970884
1.362964 1.661871
0.421262 1.517985
1.090900 0.549666
0.936659 1.505335
1.326780 1.888055
1.248336 0.913838
1.799561 0.113231
0.113231 1.799561
0.414495 1.840621
1.840621 0.414495
0.970760 1.586576
1.771558 0.151122
1.670201 1.458587
0.626803 1.078628
0.513117 0.888954
1.551989 1.237438
0.745624 1.245166
0.429359 1.883353
1.883353 0.429359
1.634153 1.404146
1.481770 0.474518
0.074031 1.093719
0.499790 1.794158
1.794158 0.499789
0.418149 1.175741
1.050460 0.393488
0.556345 0.861834
0.751387 1.177886
1.439635 0.717088
1.153637 0.371018
1.478974 1.344835
1.339050 1.555829
1.209315 0.987238
1.600104 0.390992
0.599302 0.842364
0.708297 1.290331
1.327798 1.013159
1.205431 0.593948
1.505603 0.619046
0.619044 1.505601
1.123899 0.953281
1.138074 1.004923
0.554587 1.274885
1.907158 0.268738
0.268738 1.907158
0.746514 1.879618
1.879618 0.746514
1.399608 1.771750
1.409408 0.534010
1.092664 0.320286
1.542679 0.993745
1.977086 1.299579
1.299579 1.977086
1.171299 0.116068
1.356472 1.972073
1.972073 1.356472
1.163306 0.792024
1.285943 1.114312
1.081665 0.489834
1.140247 1.387774
1.446083 1.128236
1.550983 1.355010
1.542266 1.290312
0.330858 1.437792
0.352322 1.461617
0.999019 1.172929
1.969547 1.969547
0.177271 1.712960
1.712960 0.177271
1.464525 0.854794
0.131359 1.536514
1.537183 0.130681
0.894922 1.772027
0.980724 1.614639
0.151122 1.771558
1.045941 1.148860
0.286664 1.396867
0.611185 1.343876
1.740402 1.619689
1.165302 1.406257
1.743733 0.897889
1.050573 1.506211
1.765236 0.782339
0.782598 1.764294
0.677700 1.148116
1.351493 1.193380
1.178542 0.029840
0.029840 1.178542
1.469069 1.493016
0.482018 1.770903
1.770903 0.482018
0.809101 1.859347
1.859347 0.809101
1.316444 0.964327
1.302557 1.740566
0.891912 1.125004
1.302688 1.772264
1.350646 1.777720
0.730020 0.767639
0.280906 1.060591
0.905529 1.070276
1.862370 1.621938
1.274280 1.678473
1.865354 1.236489
0.716483 0.890538
0.140926 1.357366
1.073128 0.728435
1.902292 1.518104
0.898106 1.362448
1.844699 0.192819
0.192819 1.844699
0.301669 1.138909
1.732691 0.927028
1.424286 0.950992
1.921890 1.852704
1.299348 1.138546
1.972309 0.406260
0.406260 1.972309
0.955786 0.787481
1.868120 1.516225
1.386376 0.230485
0.146741 1.596596
1.443960 0.877621
1.110521 1.279819
1.735628 0.716591
1.079933 0.131250
0.859414 1.164318
0.490857 1.039872
1.875152 1.840332
0.716608 1.735550
1.080427 0.841713
1.427174 1.297478
1.395546 0.990394
1.453819 1.564853
1.409802 1.630344
1.527581 1.042184
1.396034 0.677000
1.205007 0.224692
1.065815 1.626344
1.493123 0.743848
1.512064 1.807413
1.307534 0.747065
1.005510 1.298937
0.027770 1.597956
1.597956 0.027770
0.768292 0.677911
1.535859 1.577117
1.596577 1.000961
0.817654 0.895079
0.828061 1.828763
1.828763 0.828061
1.153918 0.621896
0.926374 0.536615
1.557614 0.807736
0.156703 1.057314
1.967658 0.746101
0.746101 1.967658
1.493819 0.859476
1.452606 1.048689
1.506632 0.946124
0.216770 1.060631
0.447365 1.078018
1.841598 1.143842
1.593057 1.164826
1.559021 1.501598
0.225946 1.209883
1.298649 1.084771
0.389334 1.086295
1.973757 0.990530
0.990530 1.973757
0.697325 0.865726
1.027382 1.732463
1.138281 1.111552
0.997348 1.011768
1.627655 1.113290
0.184285 1.553113
1.553020 0.182052
1.917016 1.882354
0.856320 1.273091
1.943033 1.437691
1.445114 1.941085
0.236985 1.380141
1.306159 1.279640
1.595638 0.819303
1.836595 1.171774
0.709347 1.338955
1.125324 0.747102
1.043685 0.449413
0.859210 0.648735
1.156052 0.737667
1.920426 1.365154
1.364826 1.920969
0.438659 1.468957
1.054235 1.028706
0.607755 1.920648
1.920648 0.607755
0.733343 0.957785
1.082120 0.610692
0.793478 1.312028
1.821056 0.980000
1.213558 1.514591
0.841886 0.589778
1.976259 1.634108
1.633158 1.976083
1.360113 0.554926
0.774894 1.198367
1.759431 0.199588
0.199588 1.759431
1.609088 1.832484
0.490821 1.623258
0.747100 1.491963
0.645155 1.303771
1.292757 1.589761
0.701459 1.098256
0.218640 1.673246
1.673246 0.218640
1.869528 1.867773
0.281440 1.313718
1.171656 1.269770
1.652435 0.664806
0.691493 1.045608
1.439932 1.380859
1.156890 0.903555
0.328909 1.094223
0.735192 1.128584
0.125175 1.690692
1.690692 0.125175
0.730154 1.066673
0.664128 1.651324
1.975226 1.781200
1.779955 1.976281
1.262740 0.279784
1.498321 1.085382
0.378017 1.215555
1.071803 0.752333
1.708137 1.141080
1.164526 1.840673
0.245688 1.434532
0.712257 1.444057
1.545097 0.754340
1.515297 0.254562
0.430314 1.339005
0.112150 1.642569
1.642569 0.112150
1.493686 1.287531
0.951553 0.393492
1.200783 1.825864
1.684055 1.411171
1.822800 1.389433
0.747275 0.843839
0.589782 1.370820
0.333972 1.530014
1.937208 1.176598
1.176257 1.937025
1.692217 1.595000
1.875792 1.465688
0.280276 1.261546
0.643668 1.046947
1.502421 0.385717
1.308110 1.226118
1.621602 1.624245
0.680657 0.764011
1.977885 1.063217
1.063217 1.977885
1.196765 1.879744
1.175907 1.970715
1.970741 1.175955
0.922497 0.452715
0.065034 1.032560
0.661988 1.002540
1.305019 1.829474
1.648611 1.150686
0.291299 1.095750
1.837986 1.359078
0.943830 1.342220
1.442854 1.737556
0.134612 1.142445
0.397145 1.605433
1.370344 1.528365
0.713858 1.530210
0.464726 1.394384
1.185530 0.898411
1.386186 1.324110
0.767074 1.414773
1.371221 0.088120
0.088120 1.371221
1.358839 1.837758
1.059179 0.366775
0.296616 1.341231
1.865146 1.086183
0.340336 1.318763
0.978069 1.536503
0.027378 1.631747
1.631747 0.027378
1.191434 0.076618
0.075784 1.191884
0.487602 1.116402
1.421634 0.562132
1.681119 1.364202
1.443415 0.322949
0.572837 1.498761
1.498646 0.573006
0.715419 1.629117
1.973377 1.392119
1.392188 1.973237
1.481794 0.674716
1.806680 0.365251
0.365251 1.806680
0.852073 0.900072
0.462830 1.027439
1.826390 1.301836
1.880300 1.918896
0.868683 1.437406
0.688471 1.390880
1.767486 0.949200
1.228171 1.331839
1.459812 1.182894
0.945369 1.532852
0.716486 1.239886
1.850483 1.922828
1.057529 1.719036
0.547403 1.054189
1.769992 1.872625
1.233236 0.502722
0.506544 1.355285
0.375033 1.553594
1.480855 0.108150
0.108226 1.480843
0.697098 1.263813
1.199045 0.367995
0.508267 0.991351
1.785003 0.907881
1.593242 1.214812
0.163882 1.420679
1.422617 0.166721
1.229372 0.576036
0.929789 1.596696
0.611228 1.662768
1.337164 1.351401
1.601987 1.728089
0.623515 1.616524
1.698380 1.829180
1.681203 1.853753
1.458210 0.518468
0.026042 1.257698
1.257698 0.026042
0.673888 1.482995
1.935001 0.662165
0.662165 1.935001
0.821719 0.615194
0.992149 0.959811
0.618422 0.864191
0.751370 1.934058
1.934058 0.751370
1.015525 1.660286
1.669985 1.250591
1.662827 0.611191
1.076183 1.684107
0.698363 0.809315
1.149388 0.340505
0.949703 1.774466
0.860124 0.930662
1.275719 0.995788
1.318068 1.641242
1.098104 0.180983
1.144844 1.446245
1.617914 0.622695
1.756704 1.763436
1.010944 0.165872
1.738547 0.835573
1.301016 0.216544
0.215780 1.302133
1.730736 1.875062
1.302282 0.805744
0.374061 1.975129
1.975129 0.374061
1.925558 1.132398
1.132112 1.925773
1.202058 0.504076
1.557658 1.847240
1.935920 1.316618
1.316618 1.935920
0.943073 1.164792
1.408480 1.178899
0.802917 0.841471
0.561342 1.422827
1.042763 0.211395
1.411188 1.398142
1.433571 0.773653
1.342973 1.494538
0.463415 1.450057
1.034949 1.355018
1.264720 1.258637
1.239109 0.227259
1.941978 0.693150
0.693150 1.941978
1.178479 1.322626
1.270633 0.538689
1.642860 1.827070
1.715122 1.518750
1.795766 1.929984
0.023893 1.838492
1.838492 0.023893
1.821226 1.854113
1.268539 0.773427
1.091501 0.362713
1.049963 1.809449
1.358792 0.329606
0.476588 1.536718
1.534595 0.473545
0.379332 1.249962
0.717902 1.010975
1.471346 0.240449
0.793509 0.995045
1.971941 1.883818
1.885043 1.970393
1.068735 1.431805
0.615058 1.214611
1.400194 1.703814
1.774299 0.991411
0.251034 1.788718
1.788718 0.251034
1.707618 1.675362
1.738096 1.675377
0.228063 1.239514
0.540487 0.916880
0.437595 1.627500
1.626961 1.779639
1.582992 1.371230
1.606688 1.351403
1.846453 1.455739
0.162427 1.975135
1.975135 0.162427
1.415618 0.425796
1.798535 1.440058
1.974020 1.927455
1.929312 1.972741
0.161101 1.186696
1.427038 1.352203
0.518031 1.458469
1.585676 1.107160
0.915234 1.884929
1.884546 0.914891
0.351256 1.900609
1.900609 0.351256
1.402822 0.760055
0.913367 1.100607
0.942801 1.104176
0.391421 1.305634
1.172195 1.348327
1.933574 1.800091
1.362608 1.169567
1.761441 0.344867
0.301951 1.013168
1.269001 1.534784
0.879093 0.615158
1.131876 0.235531
0.964900 0.344591
0.296270 1.685523
1.685523 0.296270
0.860965 0.738776
1.063528 1.534120
1.074373 0.416198
1.108670 1.544104
1.752817 1.703822
1.771813 1.787948
1.210769 1.547869
0.358377 1.053103
0.378300 1.166728
1.548587 0.210905
1.472226 0.290203
1.656892 0.882163
1.211604 0.769332
1.129782 0.022531
0.021286 1.132190
1.235135 1.038905
0.510796 1.302249
1.895744 1.695563
1.351746 0.656850
0.022366 1.757521
1.757521 0.022366
0.901361 0.684271
1.340500 0.688803
0.566614 0.891177
0.379972 1.851113
1.851113 0.379972
1.223832 0.933549
1.885985 1.570260
1.179873 0.697047
1.844450 1.719362
1.870391 1.731188
0.246736 1.970545
1.970545 0.246736
1.324658 0.178176
0.178169 1.324669
1.128189 1.303606
1.175729 0.324810
1.347781 0.201926
0.202256 1.348725
0.877679 0.848312
0.410937 1.938401
1.938401 0.410937
1.396937 1.119982
0.873692 1.023786
1.334430 1.399843
1.125984 0.822825
0.293763 1.466348
0.021508 1.425922
1.889580 1.890636
1.923219 1.935634
0.695894 1.869127
1.869127 0.695894
1.691788 0.323404
0.323404 1.691788
1.430483 1.264660
1.736171 0.321834
0.321834 1.736171
1.660569 1.738343
0.494378 1.976561
1.976561 0.494378
1.461739 0.366204
1.618654 0.493346
1.512958 1.197641
1.236322 0.864250
1.201781 1.614516
0.059989 1.593175
1.593175 0.059989
0.838534 1.326070
1.468378 0.423610
0.806384 0.961444
1.600811 0.688144
0.540133 1.379543
1.516492 1.605978
1.447662 1.762036
1.820151 0.293397
0.293397 1.820151
1.898928 1.429331
0.804844 1.696058
0.819490 1.453923
1.014538 0.711813
1.527396 0.768808
1.694279 0.805806
0.630993 1.762468
1.762469 0.630990
0.973127 0.734288
0.991671 0.751333
0.687395 1.198241
1.862897 1.019806
1.154671 0.709872
1.045943 0.824369
1.670640 1.105605
1.527728 0.710095
1.096906 0.870709
1.294768 1.695811
1.856721 1.677248
1.708809 1.922683
0.489357 0.941969
0.659784 1.778330
1.778331 0.659782
0.525757 1.327814
0.329927 1.218433
1.151356 1.749585
0.889639 1.519309
1.505941 1.255487
1.699359 1.342806
1.975611 0.914477
0.914477 1.975611
1.648148 1.887662
1.479275 1.573847
1.487036 1.601159
0.158024 1.882896
1.882896 0.158024
0.480949 1.309449
1.692526 1.054873
0.894432 1.936846
1.936846 0.894432
0.519839 1.712333
1.712326 0.519856
1.494030 1.728057
0.934582 0.763576
0.739750 1.550879
1.516990 1.477738
0.199972 1.974149
1.974149 0.199972
1.784222 1.166259
1.971567 0.825791
0.825791 1.971567
1.387896 1.585430
1.449538 1.537228
1.726754 1.565857
0.451033 1.769958
1.769958 0.451033
1.161893 1.536149
0.860753 0.765992
0.653872 0.947609
0.888060 1.231813
1.420121 0.479884
1.016630 0.588192
0.788522 1.059291
0.477937 0.985958
0.498494 1.257076
1.721936 0.087570
0.087570 1.721936
0.888695 0.937975
1.248486 1.010975
1.618202 1.578839
1.211362 0.415129
0.220291 0.999996
1.437783 1.161836
0.705563 1.787835
1.787836 0.705563
0.587998 1.831554
1.831554 0.587998
0.887473 0.774544
0.210427 1.549992
1.027603 0.845745
0.578245 1.603557
1.603557 0.578245
0.906823 1.017973
1.591481 1.080479
1.422912 1.083327
0.096594 1.775064
1.775064 0.096594
0.931584 0.569850
1.790208 1.207465
1.185461 0.158009
1.795611 1.737412
1.215677 0.281414
1.346348 1.302619
0.989957 1.330620
0.572958 1.549241
1.549242 0.572964
1.648437 1.023985
0.323983 1.174016
1.357004 0.606745
0.323409 1.146946
0.486735 1.904950
1.904950 0.486735
0.909378 1.151493
1.503460 1.323553
0.689572 1.701799
1.701914 0.689586
1.160110 0.282528
0.980436 1.697896
1.691644 1.778936
1.797412 1.475799
0.380969 1.478577
1.467402 0.809061
1.480420 1.519590
1.563289 1.453232
1.897225 1.353961
1.353245 1.895834
0.065911 1.886406
1.886406 0.065911
1.543409 0.838357
0.025570 1.801717
1.801717 0.025570
1.141662 0.541273
1.379194 1.383006
1.129170 1.801127
0.065425 1.139621
0.192161 1.039788
1.924286 1.389975
1.390563 1.925950
1.030042 1.100476
0.546367 1.015291
1.349268 0.881241
1.933474 1.027206
1.027206 1.933474
0.690348 1.895572
1.895572 0.690348
1.631370 0.653499
1.081200 1.811734
0.980466 1.484071
0.830084 0.844231
0.915488 0.984954
1.420338 1.525397
1.552875 0.372975
1.503726 1.652212
1.505570 1.678684
1.792926 0.561774
0.561774 1.792926
1.475384 1.977047
1.972750 1.476124
0.950626 0.619221
1.586866 1.028072
0.208528 1.942048
1.942048 0.208528
0.182948 1.138088
0.876176 0.820395
1.207616 0.187928
0.186550 1.206856
1.603675 1.889799
1.336764 0.495441
0.442240 1.108656
1.225972 0.549854
1.187491 0.459389
1.155499 1.188211
0.800383 1.543875
0.647235 1.810197
1.810197 0.647235
0.375627 1.698113
1.697378 0.375481
1.744501 1.197461
1.115315 1.026654
1.022430 1.401341
0.735364 1.911531
1.586571 1.314243
1.797234 0.058196
0.058196 1.797234
1.240845 0.633697
1.527429 1.409621
0.907799 0.652327
1.769569 1.042633
1.623048 1.071982
1.230064 1.271808
1.137436 0.426247
1.159232 1.090641
1.327988 0.793408
1.411964 1.244359
1.007802 0.542949
1.549017 1.679364
1.104287 0.271286
0.926143 1.203561
1.178370 1.142016
0.938500 1.225698
1.498660 0.303758
0.495943 1.851597
1.851597 0.495943
0.767552 1.509588
1.096596 0.820658
0.639799 0.857085
1.315634 1.375636
0.843849 0.808969
1.145874 1.660550
1.384294 0.337039
1.060526 1.565764
0.313443 1.932663
1.932663 0.313443
1.235796 0.171012
0.170401 1.236310
0.447821 1.720725
1.720948 0.447489
1.784423 1.640848
0.654212 1.098257
1.815633 0.703021
0.703021 1.815633
0.631739 1.396124
1.460714 0.902617
0.961679 0.575417
1.066111 0.655850
1.093002 0.665124
0.103698 1.525936
1.077551 1.321696
1.702650 1.229533
0.887716 1.848085
1.848297 0.888051
1.936443 1.264259
1.263947 1.936551
0.331602 1.061823
1.435034 1.585027
1.564691 1.213564
1.932188 0.978214
0.978272 1.932142
0.850015 1.545182
1.118383 0.772774
1.342407 1.707760
1.482978 0.627166
1.698204 0.489750
0.490688 1.702245
1.782858 1.367690
1.830834 0.728210
0.728210 1.830834
1.763044 1.118589
0.434161 1.746197
1.746234 0.434105
1.486162 1.163706
1.478367 1.130585
1.554456 1.896479
0.790972 0.652032
0.626933 1.482301
1.942279 1.350882
1.350882 1.942279
1.248270 1.630337
1.142278 1.492805
1.433583 1.807336
0.676255 1.085312
1.096170 1.120859
1.518000 1.433552
1.369408 1.214123
0.750740 1.272988
1.808918 0.804479
0.804506 1.808908
0.532948 1.642724
1.643526 0.532622
0.699995 0.917197
1.724278 0.985163
1.877440 0.987315
0.986707 1.877204
1.476810 0.025224
0.025224 1.476810
0.865006 1.863508
1.863544 0.865074
1.610319 0.898577
0.958925 1.078501
0.772150 1.581593
0.873509 1.897195
1.897197 0.873513
0.519940 1.893523
1.893523 0.519940
1.029207 1.001766
1.473460 0.215649
1.975363 0.319231
0.319231 1.975363
1.443462 1.207906
0.318976 1.393570
1.629383 1.728538
0.330020 1.368652
1.617626 0.854743
1.232987 0.966074
1.383192 1.820683
0.237753 1.724192
1.724192 0.237753
1.372237 1.635684
1.176228 0.579624
1.148919 1.062323
0.181282 1.928057
1.928057 0.181282
1.257956 1.849161
1.098574 0.452740
0.170079 1.823400
1.823400 0.170079
0.022460 1.518546
1.518546 0.022460
0.281259 1.209888
1.108043 0.626134
1.160340 1.587459
0.059340 1.639622
1.639622 0.059340
0.996724 0.625132
1.849175 1.258031
0.969738 0.909396
0.575790 1.097868
0.211379 1.505190
1.085590 0.226905
1.694004 0.021972
0.021972 1.694004
0.927527 0.614577
0.407956 0.938607
1.630934 0.446185
0.482783 1.566825
1.305439 0.024434
0.024434 1.305439
0.444348 1.180478
1.096208 0.901909
1.929943 0.367806
0.367806 1.929943
1.488186 1.476660
0.985833 0.703266
1.110555 1.596444
1.057746 0.023894
0.023966 1.057724
0.689714 1.546625
1.244031 0.531063
1.499739 0.336703
1.116224 0.921981
1.977448 1.719281
1.718017 1.978962
1.214061 1.709137
1.695962 1.648238
1.089534 0.062290
1.705111 0.876152
1.100853 1.840466
0.144197 1.508746
1.510788 0.145103
1.442517 1.484926
1.290825 1.718413
0.953548 1.037047
0.911324 1.499820
1.912268 1.604988
1.614887 1.918581
1.823127 1.054420
1.422316 1.111915
0.834105 1.687781
1.494910 0.444600
1.415236 0.719407
0.801238 1.263778
1.682013 0.833245
0.430731 1.541885
1.191237 1.394481
1.070796 0.972732
1.370475 0.582429
0.178296 1.639755
1.639755 0.178296
0.906855 1.802423
1.152950 1.215262
1.629822 1.451482
1.037907 1.203122
1.066868 1.193482
1.799313 1.126085
0.277269 1.424096
1.907417 0.556210
0.556210 1.907417
0.531916 1.781141
1.781141 0.531916
1.033069 1.303608
1.444726 0.439390
1.717362 1.096122
0.854255 1.619856
0.882431 1.610718
1.750484 1.444120
0.374155 1.141071
0.139973 1.111618
0.756695 0.805208
1.548147 1.070944
0.818631 1.348260
1.378204 1.789089
1.871496 1.138505
1.658380 1.552745
1.388286 0.803256
0.757098 0.974365
0.900010 1.203967
0.622113 1.260772
0.288865 1.661841
1.661841 0.288865
1.547122 0.688979
1.168166 1.018165
1.095138 1.450359
1.160243 0.198454
1.593524 1.808076
1.346118 0.830677
0.361019 1.094745
1.469349 1.918983
0.816057 1.644053
1.073065 1.763714
0.773286 1.360775
1.009936 1.833771
1.049482 1.283339
0.447131 0.959202
0.611680 1.122215
0.623933 0.909593
1.768873 1.919728
0.025053 1.975016
1.975016 0.025053
1.307728 0.392132
1.314599 0.269940
1.829971 1.642527
0.558609 1.685646
1.685646 0.558609
1.293124 0.288202
1.324374 0.426323
0.772761 0.918835
0.908102 1.253862
1.060608 0.286909
1.805378 1.258426
0.981793 0.469544
1.644398 0.390286
0.187133 1.507592
1.634964 0.904012
1.942830 1.692041
0.799205 0.702998
0.535087 1.828225
1.828225 0.535087
0.296853 1.556525
0.608227 0.993277
0.762569 1.136671
1.097397 1.151714
0.898799 0.493162
1.647919 1.576781
1.684807 1.275782
1.663632 1.599757
1.880787 1.644378
1.069744 1.164444
0.121577 1.087600
1.257927 0.613996
1.232286 1.381499
1.613595 0.803746
1.231850 1.563063
1.569011 1.610067
1.365362 0.254021
1.429491 0.113907
0.114006 1.429586
0.501994 1.231801
1.392753 1.875073
1.348490 0.382557
1.295167 0.652223
0.663045 0.889349
1.651018 0.825879
1.599207 0.734499
0.874623 1.658194
1.774927 1.549172
0.211566 1.708653
1.708653 0.211566
0.125149 1.405014
0.952097 1.487824
0.858329 0.555644
1.790225 1.669954
0.542518 1.255695
1.057195 0.114549
1.851060 1.055052
0.853244 1.706185
1.300614 0.937048
1.254937 0.440924
1.848184 0.783355
0.783355 1.848184
1.245328 1.891561
1.934940 1.902867
1.319683 0.518853
0.225550 1.478844
1.118334 1.435067
1.116675 1.622685
1.527258 1.238150
1.391669 1.675860
1.976061 0.523439
0.523439 1.976061
1.481520 0.699946
0.818287 0.686389
1.145088 1.973532
1.973537 1.145096
1.346468 1.451710
0.188101 1.896563
1.896563 0.188101
1.076331 1.235447
0.609754 0.819660
1.847322 1.598310
1.018274 1.458373
0.807030 1.623510
1.567253 1.161469
0.108891 1.016282
1.642222 1.205193
0.464248 1.264845
1.372330 0.998312
0.990149 0.818746
0.542821 1.464043
1.300739 0.905552
1.449242 0.465619
1.781056 0.861500
0.861373 1.778682
1.898839 1.833501
1.133699 1.549401
1.168788 1.789403
1.560616 1.530651
0.974758 1.255686
1.278559 0.824196
1.304364 0.685492
1.030238 1.126505
0.938918 1.321027
1.763559 1.284789
1.022935 0.635039
0.169350 1.470424
0.565447 0.940287
0.670666 1.057515
0.263682 1.500793
0.765037 1.623521
0.551330 1.137759
1.460392 0.996166
0.658489 1.236457
1.462084 0.543553
0.089621 1.247680
1.247680 0.089621
1.714338 0.334105
0.334105 1.714338
1.109775 1.194690
1.942742 1.832135
0.815303 1.509463
1.176903 0.629946
0.262043 1.131825
0.289968 1.290598
1.930666 1.564735
1.604843 1.485310
0.793762 1.341370
0.905387 1.281226
0.793508 1.471037
1.834677 1.010659
1.408129 1.031610
1.683182 1.548754
1.277360 0.696225
0.300445 1.443111
1.789493 0.611008
0.611008 1.789493
1.073909 0.568512
0.425248 1.238277
0.726004 0.794499
0.852360 1.379368
1.336758 1.057213
1.003656 0.189534
1.913673 0.820292
0.820292 1.913673
0.798836 1.114407
1.112833 0.536222
0.816056 1.133063
1.565664 0.480811
1.089022 0.991962
1.090866 1.478304
1.755000 0.586125
0.586125 1.755000
1.024087 1.587063
1.538881 0.262140
0.326059 1.269634
1.721700 1.118963
1.118477 0.981014
0.834704 1.285333
1.595116 0.223467
1.037430 0.603508
0.306337 1.873525
1.873525 0.306337
1.458005 0.830806
0.455874 1.813893
1.813893 0.455874
0.632379 1.165560
1.198508 0.718829
0.697634 1.312520
1.004485 0.795004
1.691573 1.386594
1.097614 1.638093
1.278425 1.279930
1.364866 1.410441
1.151821 0.950755
1.812953 0.858994
0.858454 1.812763
1.136835 0.796520
0.862902 1.084086
1.829065 1.942475
0.972580 1.189091
0.399303 1.700509
1.699481 0.399098
1.571237 1.810156
1.261591 0.861496
0.881115 0.637807
0.806505 1.724008
1.840415 1.098980
1.336543 1.798370
1.553091 1.187116
0.482456 0.901269
1.227533 0.710126
0.356001 1.370124
1.723682 0.806114
0.742217 1.333892
1.400394 0.206623
0.582192 1.979012
1.979012 0.582192
0.598255 1.074024
1.750164 1.337811
1.521265 0.221920
1.527802 1.692370
0.916518 1.425306
0.951182 1.743075
1.549481 1.733665
1.339921 1.618388
1.466185 1.087652
1.302471 1.323641
1.393844 1.482907
1.858777 0.663597
0.663597 1.858777
1.324362 0.470934
1.446142 0.179905
1.747225 1.473981
0.407097 1.210018
1.568788 1.979153
1.979398 1.568814
1.285086 0.237188
1.727058 1.841884
1.505477 1.113646
1.464815 1.806416
1.467408 0.342886
0.237163 1.285087
1.368728 0.629523
0.721172 0.721012
0.897504 1.640276
0.214814 1.439171
0.963903 0.854512
0.945471 0.875325
1.733044 1.300310
1.097329 1.070549
0.239654 1.863696
1.863696 0.239654
0.375775 1.453007
1.214874 1.864923
1.152807 1.302075
0.813456 1.410913
1.015238 0.105818
1.269664 0.328046
0.820089 1.076649
1.815211 1.030853
0.779301 1.823010
1.823011 0.779297
1.284543 0.194914
0.194787 1.284730
0.864102 0.679465
1.905297 1.807734
0.377875 1.881984
1.859696 1.571177
1.573602 0.880751
1.329968 1.732747
1.544545 0.395342
1.523344 0.404389
0.988301 0.670365
0.476958 1.722883
1.722684 0.476095
1.010267 0.317588
1.879861 1.287738
1.010448 0.347482
0.835873 1.054657
1.370318 0.416801
1.552639 1.653462
0.896368 1.321124
1.047637 1.326535
0.065365 1.684957
1.684957 0.065365
0.850994 0.975703
1.980477 0.432836
0.432836 1.980477
1.297733 0.319230
1.410545 0.645737
1.250422 1.456918
1.804582 1.519672
0.866794 1.327536
1.516258 1.518507
1.574320 0.699651
1.378087 1.093746
0.019220 1.573529
1.573529 0.019220
1.768253 0.889500
0.133219 1.445144
1.445144 0.133219
1.746049 0.946473
1.570579 0.556382
0.556381 1.570579
1.469561 0.166705
0.944136 0.690754
1.875324 0.826086
0.826086 1.875324
1.741192 0.369643
0.369643 1.741192
0.056450 1.933254
1.933254 0.056450
1.608631 0.945764
0.379164 1.647725
0.320535 1.554692
1.533946 1.543726
1.792577 0.750824
0.750824 1.792577
0.960482 0.992964
0.342966 1.814959
1.814959 0.342966
1.224706 0.312442
0.947132 1.578027
0.409312 1.657804
1.115360 1.100724
0.535059 1.112712
1.038351 0.166078
1.805445 1.626358
1.585937 0.770778
0.955841 1.810410
0.929855 1.823389
0.912999 0.856668
1.717976 1.017713
1.288142 1.879411
1.265377 1.203322
0.442731 1.583405
0.400163 1.108032
1.681388 0.983475
1.814051 1.573464
1.700970 0.962852
0.102924 1.293940
1.293940 0.102924
1.216156 0.793164
0.357498 1.578246
0.368302 1.601477
0.491174 1.672870
1.317130 0.581130
1.081205 1.408614
0.317208 1.293622
1.693564 1.529130
0.752326 1.085919
0.969489 0.318196
0.780778 0.786588
1.080123 0.947466
1.681072 1.718055
0.409018 1.477731
0.670680 1.725816
1.260326 1.385449
1.391930 0.878668
1.643330 1.531053
0.102632 1.607274
1.607274 0.102632
1.725875 0.670656
0.049751 1.842258
1.842258 0.049751
1.199461 1.285415
0.568785 1.225138
0.455980 1.347305
0.877276 0.890550
1.253650 1.430483
1.024845 1.173847
0.968749 1.980144
1.980144 0.968749
1.356368 0.758663
0.682738 1.770064
1.770087 0.682720
1.700857 1.570416
0.197035 1.158867
1.903606 1.402436
1.017042 0.738850
1.230984 0.888069
1.883270 1.114124
1.112003 1.885448
1.627058 1.283638
0.990106 0.868539
0.452648 0.915144
0.443233 1.680499
1.679152 0.442333
1.249367 0.117510
0.117510 1.249367
0.723624 1.162042
1.059000 1.374012
1.531068 1.455143
0.666091 1.902935
1.902935 0.666091
1.514532 0.178141
1.369823 0.841911
1.288413 1.619632
1.352687 1.752455
1.654203 1.325618
1.227930 1.422124
1.040790 0.539110
1.835787 0.243214
0.243214 1.835787
0.983968 1.565453
0.224398 1.752228
1.752228 0.224398
1.581124 1.764029
0.514731 1.379655
1.806044 1.288958
1.239508 0.269775
0.958110 0.531608
0.793038 1.495894
1.499681 1.056657
0.247340 1.027027
0.993971 1.414423
0.158545 1.949151
1.949151 0.158545
1.657781 0.410691
1.518526 1.877818
1.665792 1.196690
0.647735 0.836813
1.173019 0.221411
1.178133 1.819224
1.232106 1.603951
0.603709 1.534526
1.534517 0.603735
1.007885 1.525625
1.621019 0.286355
1.105411 0.021420
0.021583 1.107584
0.645534 1.191197
0.600545 1.431505
0.284155 1.940620
1.940620 0.284155
1.000546 1.268327
0.985771 1.664314
1.109649 0.138414
0.403581 1.583727
1.416750 1.729502
1.413185 1.656074
1.329319 0.987607
0.533116 1.689926
1.689921 0.533129
1.716577 1.738260
1.140558 0.667768
1.175185 0.053638
0.053426 1.181288
1.569295 0.512052
0.513599 1.569918
0.980292 1.306163
0.922854 0.501983
1.401413 0.453392
1.445721 0.058240
0.058240 1.445721
1.511517 1.388633
0.868567 1.976087
1.976087 0.868566
1.192065 1.239509
1.011489 1.863323
1.623150 1.430627
0.124137 1.335471
1.335469 0.124139
1.243771 1.830781
1.827108 1.482114
0.874590 1.471285
1.436241 1.028602
1.401787 1.904566
0.802949 0.796297
1.415758 0.978705
0.419596 1.419792
0.408449 1.067704
1.281208 0.061669
0.061669 1.281208
1.628990 0.255617
0.255617 1.628990
0.151381 1.724842
1.724842 0.151381
1.804859 1.884213
0.364321 0.954969
1.396029 0.624532
0.734022 1.289665
0.514509 1.158532
1.733213 1.538369
1.203530 1.977971
1.977971 1.203530
0.312356 0.970760
0.737526 1.400187
1.886136 1.164800
0.240617 1.141985
0.796284 1.582203
0.760053 1.773569
1.773638 0.760038
1.190948 1.116572
0.752419 0.756228
0.761243 0.734633
1.398039 1.301686
0.059520 1.716799
1.716799 0.059520
1.067219 0.697446
1.240640 1.302118
1.446761 1.072404
0.985662 1.034121
1.272505 0.569720
0.496418 1.748771
1.748771 0.496418
1.687252 1.320183
0.832702 1.007569
0.824920 1.306863
0.320521 1.341117
1.443550 0.205086
0.558420 1.447417
1.640975 0.306015
0.307224 1.642008
1.734903 0.191663
0.191663 1.734903
1.543862 1.019863
0.081791 1.946691
1.946691 0.081791
0.090735 1.468342
1.468344 0.090724
0.137148 1.789752
1.789752 0.137148
1.425271 1.779451
1.897916 1.066040
1.060323 1.900770
1.689983 1.010527
1.052352 0.190949
1.052937 0.343934
0.433060 1.795163
1.795163 0.433060
0.984511 0.277381
1.446366 0.558925
0.335610 1.482376
1.371617 0.866387
0.163736 1.006332
1.820647 1.212215
0.290170 1.515490
1.692995 1.160881
0.556639 1.863834
1.863834 0.556639
1.194239 1.747866
1.416201 1.863180
0.269628 1.238404
0.699349 1.575060
0.723254 1.576837
1.561694 0.249480
1.314306 0.349538
0.713793 1.413747
1.052512 1.854352
1.763190 1.089451
1.293594 1.556913
0.957845 1.270389
0.497559 1.934154
1.934154 0.497559
0.520323 1.935216
1.935216 0.520323
1.415726 0.864497
1.637400 1.377470
0.922305 0.830946
0.207631 1.100099
0.224464 1.638701
1.638701 0.224465
1.840610 1.901163
1.190323 1.365604
1.460817 1.876334
1.780279 1.302126
0.881731 1.696286
0.626043 1.030091
1.517854 1.278243
1.228204 1.908089
1.368631 1.504595
1.922265 1.285954
1.285911 1.922209
0.862843 1.137865
1.598931 0.320154
0.320274 1.598445
1.595102 0.416485
1.610401 0.463654
1.475334 0.762332
0.624232 1.286108
1.291079 0.507148
0.240895 1.075536
1.015385 1.634438
1.118875 0.586223
0.616146 1.712871
1.712862 0.616149
1.401905 0.735979
0.670243 1.455373
1.402809 1.346883
1.331908 0.766718
1.042582 1.761224
1.200756 0.022748
0.022748 1.200756
1.239746 1.711232
0.339134 1.672299
1.673423 0.340943
1.168084 1.045069
1.112954 0.160704
1.388252 1.256432
1.659293 1.507003
1.809272 0.952794
1.823042 0.930011
1.124276 0.100229
0.882327 1.067987
1.820429 0.140145
0.140145 1.820429
0.670040 1.414235
0.806329 1.389315
1.139924 0.881489
1.847868 0.130432
0.130432 1.847868
0.058743 1.502559
1.502559 0.058743
1.939075 0.565532
0.565532 1.939075
1.040161 0.938504
1.167349 0.094352
0.092235 1.168386
0.393068 1.921453
1.921453 0.393068
1.686836 1.944654
0.872824 0.979747
1.011463 1.703795
1.240817 1.128007
1.513983 1.832576
0.018941 1.897127
1.897127 0.018941
1.155706 1.889908
0.285499 1.578997
1.580602 0.284225
1.570224 1.931912
1.549100 1.943647
1.018880 0.896420
1.008856 0.916697
1.485983 0.903137
1.465094 1.653660
1.917380 1.157446
1.155539 1.918890
1.648218 1.248225
1.261015 0.962377
1.183931 1.176901
0.929735 0.787689
1.667500 0.189037
0.189037 1.667500
1.798001 1.836096
1.612838 1.177500
0.953324 1.694427
0.046657 1.981050
1.981050 0.046657
1.942467 0.602369
0.602369 1.942467
1.698816 1.878507
1.769014 1.742125
1.561976 1.113679
1.524461 1.717411
1.665402 1.762779
1.977839 1.273722
1.273713 1.977832
0.996356 1.746651
1.509273 0.595155
0.595112 1.509296
0.450576 1.605423
0.435920 1.308774
1.978248 0.766770
0.766770 1.978248
1.941971 0.788722
0.788722 1.941971
1.096076 0.404364
1.587325 1.264630
0.249866 1.677656
1.677656 0.249866
0.926507 0.428792
1.752298 1.805354
1.573569 0.722468
0.612170 0.949066
1.186415 1.472125
0.518084 0.943464
1.468993 1.281824
1.608379 0.367977
0.104478 1.981975
1.981975 0.104478
0.928584 1.913329
1.913303 0.928556
0.864203 1.947610
1.947610 0.864203
0.921066 0.587345
1.764011 1.161046
0.741246 0.925661
1.083103 0.467008
1.085744 1.940581
1.940581 1.085744
1.712487 1.427465
1.178310 0.513869
1.528204 1.146452
1.517272 1.364081
1.327341 1.980131
1.980131 1.327341
1.604158 1.246872
1.478679 1.449859
0.023173 1.023167
1.023346 0.022957
1.574118 0.919170
0.966172 1.231339
1.717546 1.787015
1.395863 0.937329
0.944089 1.388904
1.631931 1.685777
1.223463 0.682757
0.020222 1.952399
1.952399 0.020222
0.595251 1.458387
1.270916 0.940127
1.060873 1.481609
1.658505 1.412673
0.342761 1.413836
1.263367 1.302218
1.251839 1.684765
1.890968 1.246920
1.307296 1.452167
1.216765 1.360342
0.851371 1.574498
1.289801 1.811603
1.454103 1.302509
0.421859 1.452249
0.322100 1.782549
1.782549 0.322100
1.727174 0.881535
0.762171 1.559607
1.193561 1.673174
1.308837 0.054896
0.054896 1.308837
1.396433 1.750024
1.944626 1.547686
0.094194 1.208544
1.208872 0.093860
0.365081 1.343623
1.435863 0.902979
1.860126 1.183925
0.454965 1.643501
1.262121 0.132419
0.132392 1.262157
1.386999 0.908084
1.947327 1.925243
1.106806 0.729626
1.741177 1.079212
0.451555 1.417396
1.572515 1.067703
1.842906 0.971252
1.151363 0.130111
0.246285 1.521348
1.909340 1.230947
0.712509 1.713687
1.825639 1.592743
0.409248 1.812387
1.812387 0.409248
0.256366 1.348350
0.945542 0.898877
0.149798 1.678232
1.678232 0.149798
0.071293 1.417475
1.417475 0.071293
1.282775 0.397560
0.944854 1.948054
1.948063 0.944842
1.013228 1.223527
1.439200 0.639011
0.368689 1.187477
0.636198 1.440685
0.482534 1.813036
1.813036 0.482534
1.701014 1.299290
1.696100 1.185672
0.362150 1.297995
0.646255 1.415440
0.869404 1.355811
1.495647 1.435444
0.235238 1.945294
1.945294 0.235238
0.820808 0.761284
1.124377 1.261907
0.638959 0.987062
0.764407 1.725426
1.436852 1.879888
1.189753 1.588753
1.618680 0.777896
0.837102 0.872113
0.733052 1.375225
0.256295 1.199838
0.779046 0.949614
0.096163 1.097533
1.193322 1.057532
0.017433 1.779373
1.779373 0.017433
1.171055 0.670557
0.443252 1.832709
1.832709 0.443252
1.392216 1.205212
1.852555 1.406401
1.870317 1.309835
1.869525 1.384487
1.780254 0.585107
0.585107 1.780254
1.211577 1.640642
1.319060 1.593177
1.124242 1.667686
0.695261 1.488683
0.643875 1.375142
0.996924 0.418934
1.600894 1.783650
0.310881 1.481049
1.133482 1.873125
0.838805 0.726525
1.796027 1.809239
0.043900 1.017424
1.689673 1.902193
1.177078 0.374316
0.736481 1.446441
1.131254 0.380160
0.332037 1.577662
1.578279 0.330184
1.805989 1.982589
1.981512 1.807208
1.953249 0.330791
0.330791 1.953249
1.365688 1.237754
1.685077 0.170606
0.170606 1.685077
0.655305 1.125965
0.724825 1.978168
1.978168 0.724825
1.946870 1.398838
1.399213 1.947185
1.946379 1.747940
1.209559 0.454999
1.527577 0.502733
0.501480 1.528540
1.725491 0.764390
1.359150 0.735488
1.649713 1.800068
1.594545 1.391088
1.543757 0.516502
0.517869 1.543971
1.160019 0.017855
0.017855 1.160019
1.373783 0.449325
0.396646 1.565911
1.648515 0.088496
0.088496 1.648515
1.396648 1.073929
1.560841 0.293344
0.883059 0.515606
1.082295 1.360550
1.146905 0.059179
0.599487 1.686701
1.686703 0.599485
0.116468 1.170618
1.249310 0.791933
1.446391 0.246925
1.796410 0.990509
0.488725 1.091081
1.279412 0.016364
0.016364 1.279412
0.975875 1.729791
1.910838 0.059957
1.815579 1.100776
1.745006 0.611302
0.611303 1.745007
0.727154 0.840249
1.502816 1.348015
0.589820 1.324181
0.051891 1.227094
1.227094 0.051891
1.230487 1.645527
0.786180 1.897863
1.897863 0.786180
0.850960 1.192860
0.265654 1.108586
0.749803 1.356909
0.274234 1.476352
0.423432 0.923892
0.927548 1.245435
0.395655 1.127835
0.362800 1.675725
1.678698 0.363613
1.186930 0.417794
1.251709 1.559510
0.439440 1.041156
0.609119 1.869307
1.869307 0.609119
0.710285 0.982269
0.385472 1.524478
1.805576 0.324294
0.324294 1.805576
1.263070 1.774278
0.962482 0.813216
1.175091 0.815099
1.639216 0.608905
0.438471 1.904387
1.904387 0.438471
0.616239 0.888499
1.018953 0.665954
1.646511 1.460885
0.477178 1.642656
1.980581 1.244176
1.244168 1.980575
1.298256 0.437810
1.250602 0.208622
0.208713 1.250335
1.943880 1.491972
1.796346 1.385287
0.982688 1.772077
1.622001 0.706468
1.106719 0.602906
0.530407 0.967959
0.609227 1.639441
1.911286 1.766607
1.019447 1.251896
1.122084 0.867442
1.174364 1.742241
0.941046 1.661937
1.504645 0.467297
0.070327 1.613701
1.613701 0.070327
0.876910 1.579704
1.005272 0.991175
1.263038 0.734014
1.254514 0.755168
1.375147 0.168781
0.168781 1.375147
0.876681 1.539483
1.100592 0.340287
0.369276 1.072566
1.128195 0.122547
1.462206 1.109422
0.833400 1.472534
1.022804 1.546020
1.199088 0.928908
0.286555 1.621119
0.509670 1.126648
1.323139 1.418664
1.472474 1.374221
1.169278 0.534747
1.807832 0.909987
1.681551 1.231422
0.985015 0.254739
0.298353 1.181315
1.157484 1.611143
1.172830 1.626079
1.594237 0.921687
1.731553 1.905499
1.676015 0.697297
1.123344 0.259844
1.219149 1.163261
1.530205 0.888709
1.086850 1.531348
0.538196 1.034698
1.371785 1.716204
1.978615 1.516938
1.516938 1.978615
1.628847 1.259547
0.371499 1.506237
0.293573 1.771174
1.771174 0.293573
1.320734 0.728207
1.140374 1.730448
0.754239 1.468492
1.609503 1.031671
0.486005 1.477458
0.226058 1.568174
1.288105 1.390616
1.745298 1.948963
1.462035 1.725271
0.697260 0.940971
1.136295 0.906272
1.483164 0.787138
0.120381 1.559341
1.560750 0.119548
1.252207 0.305526
1.055410 0.674385
1.124143 1.775883
0.462217 1.916067
1.916067 0.462217
1.659463 0.737506
0.899076 0.539228
1.002541 1.617354
0.450974 1.875298
1.875298 0.450974
1.061777 1.698055
1.336756 0.248761
1.373527 0.949236
1.082521 0.248709
0.935124 1.625480
1.076499 1.109587
1.239912 1.753563
0.940663 0.477002
1.476103 1.043064
0.469673 1.077921
0.670654 1.374314
1.890261 1.783966
0.740550 1.661864
1.048478 0.566145
1.073104 1.604889
0.676332 0.911220
1.453282 0.302911
0.948249 0.831728
1.476764 0.046971
0.046971 1.476764
1.487882 0.253607
1.590853 0.843284
1.185663 0.180406
1.332543 1.657728
1.557139 1.823107
0.244478 1.096525
1.981589 1.418398
1.418504 1.981691
0.529480 0.866914
1.065077 0.529145
0.398677 1.768236
1.768236 0.398677
0.881289 0.692872
1.413453 0.839259
0.698545 1.674830
1.137779 1.471996
1.106584 1.658832
1.357872 1.352189
0.944524 1.184759
0.778481 0.698689
1.541475 0.332088
0.424459 1.382194
1.426180 0.398688
1.112332 0.652625
0.439093 1.700943
1.701242 0.438065
1.407535 0.351909
0.449312 1.497928
1.483026 1.644979
1.276627 1.732713
1.451025 0.667888
1.336618 0.449875
0.968260 0.553500
1.080477 0.080548
1.202917 1.318690
0.765695 1.045163
1.889908 1.601474
0.085017 1.533749
1.533776 0.084990
1.135791 1.577152
1.862729 0.422004
0.422004 1.862729
1.072980 0.150783
1.165829 0.846564
0.389621 1.008752
1.829100 1.553453
1.851837 1.767231
1.867779 1.753289
0.798075 0.628193
1.900407 0.583561
0.583561 1.900407
1.405663 0.149873
0.149217 1.405802
0.399096 0.977008
0.945574 0.942539
0.307838 1.222950
1.347429 1.255383
0.968580 0.937105
1.036066 1.828222
0.084190 1.148104
1.217091 0.819236
1.549138 0.731303
1.853282 0.574949
0.574949 1.853282
1.611231 1.555554
0.867040 0.599685
0.364586 1.782396
1.782396 0.364586
0.245178 1.163134
0.788059 1.287186
0.868387 1.501951
0.799546 1.426288
1.039983 0.864708
1.912420 1.316194
1.316194 1.912420
0.171526 1.080748
1.328712 1.326153
1.930754 0.773663
0.773663 1.930754
0.159654 1.928073
1.928073 0.159654
0.553827 1.094833
1.394182 1.609926
1.577499 0.807435
1.181896 1.220410
0.934945 1.705908
1.000564 1.442162
1.834202 0.272423
0.272423 1.834202
0.247984 1.600934
1.600932 0.247960
1.327067 1.441313
1.844024 1.696039
1.373665 1.739292
1.282742 0.168554
0.168533 1.282773
1.188351 0.976523
1.528819 1.850674
1.185414 0.736661
0.723956 0.913365
0.845279 1.516483
0.438555 1.131122
1.568894 0.225459
1.677213 1.484092
1.652959 0.454613
0.461347 1.004179
0.681177 0.980185
0.221719 1.525835
1.346919 0.974383
0.559120 1.590293
1.590293 0.559120
1.105352 0.496368
1.081530 0.273967
0.837314 1.948450
1.948450 0.837314
0.824221 1.198365
0.581472 1.418172
0.584199 1.646571
1.646547 0.584146
0.849413 1.836907
1.836920 0.849452
1.711349 0.936145
0.688717 1.744555
1.172282 0.260754
1.088919 0.800579
1.219203 1.399780
0.987420 0.353537
0.360025 1.625496
0.263476 1.657069
1.657069 0.263476
1.793738 1.182986
0.480873 1.221933
1.520201 0.429404
1.209297 1.037838
0.645960 1.253774
1.814624 1.670786
1.351651 1.469874
0.998287 0.599927
0.415612 1.146434
0.917846 1.777987
0.199341 1.080921
0.144900 1.038893
1.681292 1.669559
0.606045 1.197747
1.899957 1.207547
1.293466 0.763578
0.931480 1.146711
1.304627 0.159254
0.159251 1.304631
1.427807 1.902674
1.656727 0.969757
1.531732 1.185914
1.035575 0.582038
1.833809 1.831413
1.209337 1.686833
1.580757 1.653524
1.366640 1.589255
1.210390 1.432498
0.818730 0.936431
1.153692 0.600039
0.043931 1.521717
1.521717 0.043931
0.906969 0.755671
0.711643 1.117000
1.097122 1.043804
0.766039 1.252702
1.204701 1.900913
0.969833 1.418439
1.627534 1.359494
1.744607 0.688695
0.841554 0.696534
1.311545 1.958265
1.958265 1.311545
0.416507 1.044085
0.847442 1.981897
1.981897 0.847442
1.700767 0.851333
0.262946 1.581268
1.581530 0.262188
1.565211 0.953895
0.905916 1.860597
1.861444 0.906458
1.304110 0.367503
0.654685 1.885113
1.885113 0.654685
1.217850 1.839945
0.329706 1.652576
1.650835 0.334253
1.226860 0.338269
1.361338 1.546736
1.241835 1.870142
0.967106 0.512581
1.304543 0.196425
0.196425 1.304544
1.637757 0.929654
1.790681 1.502117
1.874576 1.214887
1.491138 1.213164
0.046495 1.758889
1.758889 0.046495
1.333935 0.868692
0.571851 1.624855
1.624852 0.571844
0.845362 1.439078
0.632611 1.136656
1.205178 0.545095
0.767357 1.653937
1.033316 1.869628
0.176044 1.435867
1.164544 1.646845
0.575376 0.844211
1.649644 0.772293
0.733445 1.752970
0.210459 1.462239
0.968940 0.422401
0.462699 0.939384
1.600249 0.516734
0.519798 1.599333
0.906955 0.943939
1.751509 0.733095
1.252903 0.586425
0.842207 1.098052
1.777868 1.698567
1.797593 1.713232
1.324340 0.943451
0.874187 1.396987
0.400513 1.287123
1.702926 1.698799
1.236997 1.175314
1.649087 1.776514
1.823112 1.801319
0.280697 1.355550
1.076373 1.729666
0.182810 1.181318
0.772602 1.463571
0.686311 1.441229
0.562223 1.664581
1.664581 0.562223
0.611017 0.927574
0.520265 1.809153
1.809153 0.520265
1.036449 0.120177
0.802930 1.034821
1.368541 0.796092
1.300114 0.837143
1.404728 0.125072
1.832012 1.737637
1.339344 1.114806
0.939790 0.717664
1.353386 1.277743
0.766006 1.155171
1.112014 0.301852
1.023131 1.684763
0.087879 1.906743
1.906743 0.087879
1.268980 1.016469
1.444112 1.006921
1.563838 1.691164
0.046777 1.054937
1.056821 0.046533
1.255528 1.164982
0.983564 0.775707
1.633663 0.357820
1.102350 1.727337
1.754942 1.726005
1.982773 1.952840
1.952840 1.982773
1.318214 1.692061
0.304024 1.251711
1.922101 1.441072
1.174076 1.870331
1.299101 0.864380
0.483980 1.954830
1.954830 0.483980
0.529576 1.954151
1.954151 0.529576
0.645034 1.023680
1.044064 1.546378
1.007790 0.288638
0.398886 1.167454
0.105483 1.703029
1.703029 0.105483
0.526211 1.221136
1.468789 1.836822
1.002246 1.095424
1.387832 0.828523
0.961183 1.439310
0.413760 1.317391
1.026167 0.467428
1.523941 1.126222
1.540341 0.443245
0.849744 0.853841
0.467159 1.369962
1.101446 0.944347
0.540722 1.418083
1.188506 1.422291
0.986568 1.514966
1.488092 1.394638
0.117429 1.128897
0.963820 1.891764
1.891844 0.963849
1.837833 1.664167
1.591358 1.592872
1.298362 1.638455
1.267673 1.585462
1.907146 1.116063
1.114429 1.907632
1.836718 1.193633
1.314914 0.096444
0.096444 1.314914
1.330270 0.105863
0.105863 1.330270
1.015717 1.374491
1.984193 1.089291
1.089291 1.984193
1.329044 0.223819
1.819112 1.700048
1.598417 1.190315
1.844878 1.870404
1.696444 0.638359
1.980745 1.902426
1.903466 1.979960
0.219910 1.329859
1.889043 1.718942
1.737475 1.361421
1.189067 0.949362
1.044817 1.617997
1.531851 1.758453
1.841335 1.316872
0.824956 1.371934
0.638315 1.696545
0.784448 1.251002
1.552980 1.627440
1.268224 1.505709
1.048257 0.251456
1.226390 0.754305
1.515114 1.560772
0.159977 1.552028
1.553013 0.158509
0.840632 1.123622
0.082929 1.016202
1.735165 1.322359
1.369784 0.698244
1.803968 1.334173
1.536603 0.914654
0.881412 0.728939
0.286554 1.537967
1.598470 1.287802
1.948795 1.129805
1.128781 1.949082
1.754402 0.272962
0.272962 1.754402
0.978723 1.453491
1.258607 0.812749
0.993175 1.193256
1.415845 0.309088
1.984484 1.984484
1.505891 0.510041
0.510545 1.505891
1.719973 1.260474
0.082437 1.869687
1.869687 0.082437
1.390429 0.412960
0.710891 1.058660
0.714811 1.081014
0.759956 1.599750
0.321008 1.910015
1.910015 0.321008
1.887133 1.447239
1.176878 0.440486