197 565 516
314 768 205
286 614 113
175 644 348
357 533 132
459 528 409
409 528 247
348 411 210
143 506 370
313 535 190
205 597 314
189 525 241
313 592 203
182 672 427
249 441 328
672 886 427
368 399 175
178 400 369
215 541 384
385 542 216
315 532 174
149 598 445
581 636 27
598 772 445
389 618 258
259 619 467
203 699 313
384 541 458
138 542 385
237 637 337
95 602 361
363 603 44
140 618 389
467 619 465
359 582 100
39 583 360
459 436 322
175 800 644
190 266 313
370 436 229
113 614 472
174 740 315
331 523 223
199 396 393
393 396 181
376 667 415
336 488 450
173 487 335
211 527 349
337 626 237
163 626 337
392 654 170
181 376 415
288 649 632
386 493 466
202 494 387
541 135 291
290 557 542
215 135 541
542 557 216
277 654 392
454 493 386
387 494 476
477 555 438
439 556 475
270 793 347
703 826 544
438 555 133
134 556 439
250 122 438
439 123 251
148 484 330
370 877 143
171 612 345
27 636 26
218 503 352
330 894 148
322 528 459
373 677 394
395 678 374
228 634 326
346 605 206
323 622 164
165 623 324
118 703 544
163 732 347
347 732 270
516 565 141
242 631 145
192 545 245
168 631 242
144 677 373
374 678 146
159 543 332
171 863 612
322 721 240
332 543 195
345 606 171
355 674 176
257 680 634
177 676 354
457 674 355
174 500 356
354 676 461
186 710 335
336 711 187
23 686 647
647 686 318
197 698 624
516 698 197
470 811 326
478 485 349
133 555 493
494 556 134
326 526 228
385 565 138
493 555 466
202 556 494
339 750 217
367 900 256
217 750 340
141 565 385
350 609 449
162 610 351
5 580 111
28 581 1
240 878 322
221 609 350
351 610 222
246 429 191
257 634 538
227 630 506
506 630 300
193 486 426
426 486 213
352 519 458
337 732 163
549 260 221
222 261 550
452 639 329
329 639 225
274 260 549
550 261 275
193 722 650
6 580 5
1 581 27
196 519 352
419 523 115
223 523 419
164 567 394
395 568 165
335 710 173
450 711 336
254 519 515
347 793 268
394 567 250
251 568 395
515 519 196
617 750 339
8 243 7
534 900 367
338 927 398
248 659 572
438 122 477
475 123 439
164 380 323
324 381 165
466 762 694
438 895 250
251 896 439
44 603 43
96 602 95
455 750 617
353 911 213
288 632 391
525 569 241
435 503 218
187 751 336
335 752 186
555 762 466
332 554 194
396 866 328
450 488 474
388 487 173
119 503 435
322 876 721
332 591 159
365 917 446
300 630 523
523 630 115
40 583 39
100 582 99
195 812 332
121 866 396
449 609 333
334 610 162
473 429 246
340 716 217
429 659 248
213 778 353
326 860 470
329 559 452
32 389 31
108 467 107
458 541 413
414 542 138
446 599 241
328 866 249
746 867 529
223 372 331
398 927 180
333 774 449
162 773 334
225 873 329
206 552 346
441 376 328
458 748 352
345 739 606
116 577 501
506 660 370
153 874 343
344 875 152
501 577 136
177 859 566
194 591 332
66 422 65
74 423 73
160 655 416
416 655 277
398 833 338
533 741 132
172 876 370
204 560 346
147 649 245
66 704 422
423 705 73
472 898 347
182 517 365
245 649 159
563 843 176
127 593 188
303 593 127
632 649 147
453 847 612
349 731 478
637 882 337
148 894 444
347 268 472
503 709 352
756 842 483
217 880 339
248 819 596
323 380 571
570 381 324
161 625 236
293 842 756
213 517 418
319 646 617
418 517 182
234 487 388
474 488 235
142 534 367
500 621 117
280 621 500
408 666 275
274 490 407
450 666 408
407 490 173
328 931 396
156 777 434
553 576 169
301 867 746
286 576 553
665 777 156
617 646 455
359 547 200
201 548 360
343 648 153
72 397 71
68 398 67
152 640 344
224 638 401
709 741 546
517 917 365
449 884 350
351 885 162
169 846 357
346 813 204
132 753 357
402 485 252
252 376 441
209 444 428
453 612 427
196 709 546
191 761 246
246 761 282
357 775 169
453 663 348
434 624 156
352 709 196
198 586 428
491 588 463
571 380 230
231 381 570
150 585 520
521 584 151
520 585 269
131 584 521
213 911 426
464 849 686
356 125 174
412 565 197
445 684 149
717 791 329
348 671 175
347 645 163
528 878 179
420 722 193
387 590 202
466 589 386
566 859 312
419 518 223
369 904 79
60 903 368
361 262 232
233 263 363
411 558 210
458 883 384
596 819 317
199 366 383
383 366 171
348 644 453
210 671 348
349 670 211
192 746 529
409 664 628
515 537 477
15 417 14
491 782 588
501 502 190
390 514 463
136 502 501
350 864 221
222 865 351
352 748 218
399 903 62
77 904 400
205 768 124
409 628 217
115 745 419
384 622 215
216 623 385
113 628 286
464 686 551
361 669 95
44 668 363
277 799 416
250 373 394
395 374 251
132 709 503
461 589 354
355 590 457
558 638 310
451 638 558
370 876 436
415 702 299
309 843 563
383 848 199
243 637 237
428 444 198
189 265 525
525 265 279
8 637 243
354 682 177
176 681 355
280 633 510
545 627 245
396 931 181
510 633 157
145 364 242
616 639 452
358 830 518
518 830 168
309 563 391
520 752 278
210 607 368
369 608 211
151 584 401
401 584 224
537 762 477
628 802 286
416 679 160
200 582 359
360 583 201
178 949 402
75 759 690
689 760 64
192 529 236
104 442 103
36 443 35
100 737 359
360 736 39
527 731 349
264 683 153
606 739 209
445 841 684
239 683 636
612 847 345
416 799 511
214 569 401
401 569 151
232 669 361
363 668 233
62 903 61
78 904 77
296 826 703
115 867 745
416 511 185
311 639 616
120 513 483
507 584 131
269 585 509
224 584 507
509 585 225
422 704 137
130 705 423
256 712 367
368 607 60
79 608 369
442 622 323
324 623 443
81 499 80
59 498 58
117 948 692
493 864 350
351 865 494
136 791 717
264 840 683
204 646 417
167 758 426
30 480 29
110 481 109
285 850 437
367 653 142
326 811 526
228 653 367
392 577 116
183 756 483
446 696 365
241 569 214
454 864 493
494 865 476
212 577 392
690 759 342
341 760 689
278 771 520
54 424 53
86 425 85
420 792 460
304 792 420
650 722 292
121 848 383
331 728 523
179 643 528
365 672 182
451 558 411
368 671 210
211 670 369
367 766 228
431 849 142
417 897 14
436 658 229
159 649 543
543 649 288
390 611 180
408 755 51
88 754 407
624 764 156
237 613 243
174 587 500
387 378 590
589 377 386
175 671 368
369 670 178
186 919 710
711 920 187
144 262 547
548 263 146
130 744 390
566 948 117
402 949 485
246 747 473
541 723 413
414 724 542
126 617 207
319 617 126
241 599 189
389 687 31
108 226 467
142 849 534
391 869 309
521 809 751
81 824 499
498 825 58
429 910 191
850 935 437
179 779 513
634 881 326
229 877 370
405 605 18
575 753 119
357 753 575
368 903 399
400 904 369
479 362 437
370 660 172
636 683 316
397 705 130
185 679 416
447 596 492
483 513 307
350 884 493
494 885 351
493 884 133
134 885 494
553 775 220
204 540 530
442 912 103
36 913 443
530 540 229
638 727 401
396 848 121
258 687 389
467 226 259
319 897 417
346 851 605
267 626 255
679 757 160
220 775 575
214 696 241
242 893 168
171 606 383
241 696 446
459 716 658
139 372 242
244 620 170
415 855 702
751 809 279
473 747 393
287 820 405
198 661 586
161 872 625
170 620 392
758 914 426
322 878 528
243 456 7
115 630 529
130 785 397
243 933 238
408 925 450
173 924 407
238 456 243
305 641 573
574 642 306
242 364 139
12 126 531
282 769 246
32 600 389
467 601 107
245 627 147
573 641 449
162 642 574
530 646 204
84 509 83
56 507 55
658 716 340
437 362 761
159 879 245
803 836 212
484 901 184
814 880 472
245 746 192
446 856 599
92 504 91
48 505 47
702 887 299
355 764 695
694 763 354
199 848 396
421 575 119
489 679 185
341 901 484
392 799 277
220 575 421
116 799 392
540 813 143
513 779 307
398 704 67
72 705 397
170 702 244
112 902 445
445 902 342
212 836 559
403 651 203
417 560 204
510 621 280
701 788 424
425 787 700
399 767 175
481 226 109
30 687 480
292 536 512
383 673 121
718 926 266
265 928 719
143 813 552
614 898 472
249 598 441
441 598 149
21 497 20
463 810 390
392 620 212
178 733 400
205 652 406
256 648 440
499 824 311
310 825 498
401 727 214
510 699 203
512 536 195
435 640 255
514 772 294
323 912 442
443 913 324
288 544 543
405 604 206
205 749 652
543 544 195
362 804 539
695 764 272
273 763 694
463 588 404
268 814 472
531 930 12
209 564 444
357 846 533
203 592 403
621 783 117
386 377 234
235 378 387
25 551 24
384 883 254
79 904 78
61 903 60
481 129 259
258 128 480
254 852 384
385 853 141
230 380 394
395 381 231
239 636 581
13 126 12
138 565 412
386 734 454
476 735 387
626 738 255
596 892 492
238 129 481
480 128 239
553 614 286
394 380 164
165 381 395
206 605 405
406 597 205
234 734 386
387 735 235
358 868 554
536 812 195
500 587 280
399 656 166
114 657 400
62 656 399
400 657 77
15 560 417
12 930 11
402 733 178
294 772 598
306 642 439
438 641 305
421 645 220
137 611 404
623 853 385
384 852 622
131 788 701
700 787 269
180 785 390
390 785 130
563 780 391
236 815 161
439 642 134
133 641 438
206 604 410
388 734 234
235 735 474
554 868 194
343 874 618
619 875 344
403 377 461
236 625 192
18 858 405
234 377 403
68 833 398
397 832 71
348 663 411
173 490 388
474 666 450
208 886 672
539 366 282
628 664 448
391 780 288
171 366 539
513 947 179
389 834 140
465 835 467
532 587 174
253 587 532
51 755 50
89 754 88
511 828 298
457 378 406
404 946 184
410 604 161
406 378 235
455 801 750
278 718 266
403 375 234
393 789 473
552 821 143
523 728 300
265 719 279
327 783 621
390 744 514
235 382 406
208 672 522
307 854 482
496 596 447
252 823 402
248 596 496
630 827 529
259 226 481
480 687 258
524 599 289
227 371 410
189 599 524
140 729 618
619 730 465
394 677 230
231 678 395
339 814 617
400 733 114
539 804 295
462 629 538
461 377 589
590 378 457
549 490 274
275 666 550
482 899 307
538 629 257
652 749 325
618 729 343
344 730 619
298 844 511
647 685 22
262 889 547
548 890 263
84 700 509
507 701 55
252 667 376
292 722 536
404 810 463
393 747 199
200 602 432
433 603 201
461 651 403
181 831 393
299 831 415
415 831 181
54 701 424
425 700 85
184 946 484
706 742 52
87 743 707
417 646 319
495 633 253
157 633 495
299 887 594
406 652 457
112 744 423
423 744 130
521 751 187
186 752 520
536 722 460
374 715 306
305 714 373
151 569 525
515 122 254
141 123 516
444 564 148
484 946 330
188 693 127
127 693 302
419 868 518
143 821 371
648 955 440
428 586 121
333 609 504
505 610 334
477 122 515
516 123 475
409 716 459
432 582 200
201 583 433
149 684 402
92 944 504
505 945 47
184 795 404
180 936 398
498 558 310
404 795 137
329 791 559
497 713 20
112 772 514
210 558 498
428 673 209
166 767 399
435 956 640
194 868 419
16 851 560
295 805 427
427 805 182
651 794 203
531 126 207
479 778 418
145 379 492
402 823 149
492 379 447
410 815 227
308 731 527
412 697 138
427 612 295
405 858 287
18 605 17
234 375 487
138 697 414
94 562 93
46 561 45
193 914 420
509 700 269
131 701 507
247 664 409
498 607 210
211 608 499
554 792 358
815 827 227
413 730 218
219 729 414
218 748 413
70 832 595
595 833 69
576 802 790
407 743 88
51 742 408
634 680 155
504 944 333
334 945 505
407 754 274
275 755 408
488 382 235
410 821 206
230 908 737
736 909 231
475 838 698
499 616 211
161 815 410
122 567 254
141 568 123
398 936 704
250 567 122
123 568 251
482 854 139
294 861 514
313 699 535
440 712 256
721 876 172
556 838 475
486 917 213
462 712 440
16 560 15
597 928 314
219 615 440
499 608 80
59 607 498
118 780 563
217 716 409
411 663 208
576 790 283
560 851 346
527 616 452
460 792 554
440 615 462
405 820 604
154 741 533
236 827 815
507 578 224
225 579 509
56 578 507
509 579 83
197 624 434
520 771 150
421 738 645
95 669 94
45 668 44
23 647 22
208 808 411
411 808 451
114 841 759
647 431 281
313 926 592
442 817 215
216 818 443
211 616 527
667 855 415
478 855 667
686 849 318
197 822 412
434 777 284
215 622 442
443 623 216
478 667 485
214 727 522
489 726 120
25 888 551
437 798 285
191 798 437
113 880 217
528 643 247
426 914 193
213 917 517
413 723 465
140 724 414
426 911 167
414 697 219
155 881 634
750 801 340
572 659 276
136 717 502
414 729 140
465 730 413
502 717 150
587 633 280
253 633 587
22 685 21
230 737 571
570 736 231
107 601 106
33 600 32
413 748 458
7 456 6
311 616 499
321 742 706
707 743 320
470 627 545
218 956 435
327 794 651
504 609 221
222 610 505
719 928 469
127 811 470
471 926 718
506 371 227
535 699 157
485 667 252
146 715 374
373 714 144
120 929 513
418 804 479
500 692 356
182 805 418
117 692 500
11 635 10
460 722 420
510 794 621
549 953 490
666 954 550
459 658 436
473 659 429
486 856 446
419 745 194
248 910 429
418 778 213
422 689 65
74 690 423
267 613 237
284 629 615
672 939 522
125 740 174
420 758 304
155 869 632
615 629 462
632 869 391
165 853 623
622 852 164
530 801 455
440 955 219
121 673 428
221 870 504
505 871 222
317 892 596
38 570 37
102 571 101
424 706 53
86 707 425
221 864 549
550 865 222
168 893 518
6 456 580
116 828 511
71 832 70
69 833 68
542 724 290
291 723 541
255 738 421
430 720 148
166 720 430
422 795 184
421 508 255
137 795 422
267 640 152
300 660 506
545 625 303
297 662 379
192 625 545
524 776 158
255 640 267
289 776 524
57 578 56
83 579 82
119 508 421
640 956 344
239 796 480
481 797 238
571 912 323
324 913 570
80 608 79
60 607 59
527 836 308
452 836 527
184 901 422
423 902 112
343 955 648
187 920 424
425 919 186
449 774 573
574 773 162
704 936 137
437 935 479
424 788 187
186 787 425
196 537 515
427 886 453
139 364 482
294 839 491
185 675 489
148 934 430
694 762 273
497 786 713
53 706 52
87 707 86
318 431 647
128 683 239
316 840 551
153 648 264
292 776 650
551 840 464
495 675 185
296 749 124
491 661 198
262 714 232
233 715 263
264 648 256
511 844 185
281 685 647
434 822 197
158 768 524
572 655 160
284 822 434
276 655 572
19 858 18
430 767 166
496 910 248
293 679 489
220 614 553
307 899 483
460 812 536
483 899 183
533 859 154
540 877 229
436 876 322
312 859 533
143 371 506
152 613 267
149 823 441
175 767 430
485 949 349
253 675 495
513 929 315
430 800 175
585 873 225
546 537 196
305 895 438
439 896 306
470 918 127
538 634 228
120 842 489
489 842 293
551 888 316
435 508 119
260 870 221
222 871 261
444 894 198
118 781 703
768 932 524
255 508 435
254 883 519
292 829 776
437 761 191
760 950 166
21 685 497
455 646 530
232 714 573
574 715 233
572 819 248
148 720 484
39 736 38
101 737 100
288 780 544
482 905 183
183 899 482
656 760 166
114 759 657
24 686 23
129 933 152
544 780 118
825 952 578
579 951 824
215 817 135
557 818 216
645 738 163
249 866 586
554 812 460
132 741 709
552 813 346
125 664 247
479 804 362
379 662 447
200 889 602
603 890 201
446 917 486
209 673 606
526 653 228
76 759 75
64 760 63
195 826 512
228 766 538
512 826 296
104 817 442
443 818 35
261 871 49
90 870 260
588 946 404
217 628 113
480 796 29
110 797 481
94 669 562
561 668 45
602 889 361
363 890 603
441 823 252
237 626 267
412 822 784
445 772 112
183 905 492
70 595 3
3 595 69
342 841 445
49 871 48
91 870 90
336 907 488
487 906 335
244 940 803
562 669 232
233 668 561
176 843 681
624 698 272
492 905 145
483 842 120
106 807 105
34 806 33
682 859 177
193 765 486
293 757 679
547 889 200
201 890 548
784 822 284
306 715 574
573 714 305
276 659 594
594 659 473
484 950 341
503 753 132
29 796 28
111 797 110
119 753 503
491 861 294
463 861 491
737 908 359
360 909 736
302 811 127
157 699 510
547 677 144
146 678 548
105 807 135
557 806 34
152 933 613
492 892 183
375 906 487
198 782 491
475 698 516
339 880 814
240 857 854
147 881 632
9 637 8
35 818 34
105 817 104
595 832 338
338 833 595
860 881 147
570 913 37
102 912 571
274 922 260
261 923 275
470 860 627
185 844 495
495 845 157
447 921 496
57 825 578
579 824 82
739 847 271
703 781 325
635 732 337
372 893 242
270 732 635
9 882 637
803 940 308
488 907 382
34 818 557
135 817 105
479 935 778
28 796 581
580 797 111
546 763 273
188 786 497
576 708 169
154 763 546
406 382 597
759 841 342
283 708 576
150 771 502
273 537 546
514 744 112
75 690 74
65 689 64
591 745 301
592 375 403
194 745 591
497 891 188
703 749 296
223 893 372
522 727 451
390 810 611
257 777 665
190 468 501
451 727 638
297 379 631
63 656 62
77 657 76
501 828 116
502 816 190
532 726 253
551 686 24
593 820 287
684 733 402
314 932 768
315 947 513
283 790 692
692 790 356
366 769 282
157 845 535
199 769 366
535 845 298
168 688 631
300 728 660
631 688 297
203 794 510
538 766 462
13 897 126
126 897 319
710 919 320
321 920 711
511 799 116
504 870 91
48 871 505
272 764 624
170 887 702
298 468 535
591 879 159
535 468 190
284 777 629
675 726 489
512 829 292
202 838 556
296 837 512
567 852 254
141 853 568
464 900 534
613 933 243
593 872 820
318 849 431
514 861 463
520 787 186
187 788 521
617 814 207
269 787 520
521 788 131
245 879 746
238 797 580
581 796 239
522 808 208
451 808 522
153 683 128
546 741 154
279 809 525
525 809 151
109 226 108
31 687 30
302 862 526
518 893 223
172 728 721
522 939 214
721 728 331
519 883 458
518 868 358
561 945 334
333 944 562
270 930 531
531 793 270
207 793 531
151 809 521
524 932 189
758 770 304
471 375 592
46 945 561
562 944 93
526 811 302
88 743 87
52 742 51
266 816 278
798 910 496
597 382 469
191 910 798
85 700 84
55 701 54
353 935 850
606 673 383
229 801 530
586 661 249
144 714 262
263 715 146
67 704 66
73 705 72
529 827 236
20 713 19
214 939 696
325 781 674
674 781 176
529 867 115
676 783 327
295 863 539
539 863 171
315 929 532
177 783 676
310 952 825
824 951 311
282 362 539
692 948 283
345 847 739
534 849 464
533 846 312
232 774 562
561 773 233
204 813 540
580 456 238
660 728 172
563 781 118
448 802 628
683 840 316
297 725 662
765 856 486
117 783 566
562 774 333
334 773 561
601 807 106
33 806 600
605 851 17
854 857 139
544 826 195
11 930 635
143 877 540
469 928 597
303 918 545
545 918 470
631 379 145
592 926 471
564 934 148
359 908 547
548 909 360
26 888 25
209 739 564
355 695 590
589 694 354
564 739 271
264 900 464
169 775 553
684 841 114
247 740 125
471 906 375
491 839 661
244 803 620
124 749 205
681 764 355
354 763 682
625 872 303
304 770 688
466 694 589
590 695 202
4 915 97
42 916 2
588 782 330
273 762 537
473 789 594
382 907 469
594 789 299
265 932 314
189 932 265
258 874 128
129 875 259
206 821 552
124 837 296
158 837 124
754 922 274
275 923 755
654 655 276
277 655 654
124 768 158
644 800 271
297 770 725
332 812 554
337 882 635
635 882 10
364 905 482
477 762 555
145 905 364
38 736 570
571 737 101
559 791 212
308 836 803
268 793 207
790 802 448
219 955 729
730 956 218
658 801 229
340 801 658
651 676 327
325 674 652
163 738 626
309 680 665
98 915 4
2 916 41
652 674 457
461 676 651
761 362 282
696 939 365
454 953 864
865 954 476
864 953 549
550 954 865
212 791 577
472 880 113
207 814 268
167 911 850
713 786 287
372 857 331
139 857 372
290 834 600
601 835 291
312 948 566
695 838 202
575 775 357
641 884 449
162 885 642
594 887 276
665 680 257
82 824 81
58 825 57
190 816 266
464 840 264
467 835 601
600 834 389
365 939 672
260 922 90
49 923 261
176 781 563
287 786 593
593 786 188
17 851 16
566 783 177
50 923 49
90 922 89
125 941 664
233 773 574
573 774 232
361 889 262
263 890 363
10 882 9
290 806 557
135 807 291
43 938 42
97 937 96
14 897 13
611 936 180
256 900 264
93 944 92
47 945 46
103 912 102
37 913 36
577 791 136
314 928 265
600 806 290
291 807 601
266 926 313
99 942 98
41 943 40
271 847 644
778 935 353
281 431 691
618 874 258
259 875 619
167 850 725
599 856 289
356 941 125
150 873 585
559 836 452
128 874 153
152 875 129
602 937 432
433 938 603
742 925 408
407 924 743
321 925 742
743 924 320
301 879 591
127 918 303
702 855 244
286 802 576
691 693 281
302 693 691
341 950 760
238 933 129
160 819 572
636 888 26
164 852 567
568 853 165
643 740 247
315 740 643
718 752 335
336 751 719
219 784 615
621 794 327
698 838 272
167 770 758
253 726 675
662 725 285
276 887 654
615 784 284
453 886 663
611 810 404
532 929 726
726 929 120
271 934 564
734 953 454
476 954 735
388 953 734
735 954 474
629 777 257
650 765 193
289 765 650
604 820 161
114 733 684
278 816 771
586 866 121
249 839 598
635 930 270
490 953 388
474 954 666
598 839 294
582 942 99
40 943 583
287 858 713
462 766 712
180 927 785
785 927 397
578 952 224
225 951 579
745 867 301
620 803 212
657 759 76
63 760 656
432 942 582
583 943 433
650 776 289
303 872 593
349 949 670
670 949 178
756 757 293
317 757 756
724 834 290
291 835 723
304 830 792
820 872 161
181 931 376
376 931 328
281 891 685
782 894 330
240 854 779
412 784 697
424 920 706
707 919 425
682 763 154
156 764 681
227 827 630
330 946 588
792 830 358
612 863 295
725 770 167
420 914 758
693 891 281
325 749 703
729 955 343
344 956 730
220 898 614
526 862 653
96 937 602
603 938 43
285 921 662
371 821 410
708 948 312
688 770 297
278 752 718
719 751 279
779 878 240
179 878 779
137 936 611
712 766 367
664 941 448
627 860 147
246 769 747
747 769 199
653 862 142
697 784 219
393 831 789
644 847 453
156 843 665
665 843 309
632 881 155
422 901 689
690 902 423
547 908 677
678 909 548
850 911 353
645 898 220
316 888 636
309 869 680
691 431 142
661 839 249
717 873 150
432 937 915
916 938 433
133 884 641
642 885 134
326 881 860
142 862 691
373 895 305
306 896 374
688 830 304
721 857 240
347 898 645
720 950 484
681 843 156
915 937 97
42 938 916
179 947 643
643 947 315
224 952 638
639 951 225
168 830 688
250 895 373
374 896 251
638 952 310
311 951 639
188 891 693
654 887 170
662 921 447
718 906 471
469 907 719
335 906 718
719 907 336
154 859 682
677 908 230
231 909 678
916 943 41
98 942 915
680 869 155
272 838 695
708 846 169
312 846 708
663 886 208
798 921 285
433 943 916
915 942 432
198 894 782
317 819 757
757 819 160
308 940 731
723 835 465
140 834 724
691 862 302
685 891 497
713 858 19
776 829 158
725 850 285
710 924 173
450 925 711
320 924 710
711 925 321
331 857 721
800 934 271
430 934 800
771 816 502
689 901 341
342 902 690
329 873 717
844 845 495
298 845 844
418 805 804
804 805 295
298 828 468
468 828 501
706 920 321
320 919 707
789 831 299
755 923 50
89 922 754
448 941 790
790 941 356
289 856 765
746 879 301
183 892 756
512 837 829
829 837 158
283 948 708
779 854 307
397 927 832
832 927 338
756 892 317
731 940 478
166 950 720
855 940 244
478 940 855
496 921 798