45 71 59
59 72 45
49 93 63
63 93 44
64 81 56
57 82 65
15 64 14
37 65 36
46 81 64
65 82 53
1 84 12
6 85 5
15 94 64
65 95 36
61 98 45
13 84 1
5 85 38
6 70 85
61 121 98
21 66 20
31 68 30
69 87 9
41 77 66
68 78 40
66 77 58
50 78 68
24 71 23
28 72 27
62 93 41
7 70 6
45 113 61
21 79 66
68 80 30
45 98 71
28 104 72
71 103 23
66 101 20
31 102 68
55 92 60
73 94 16
35 95 74
9 92 69
9 87 8
66 79 41
40 80 68
71 98 47
41 115 62
36 95 35
16 94 15
60 88 55
60 89 56
56 106 64
65 107 57
56 99 60
47 103 71
72 104 52
58 101 66
68 102 50
10 92 9
77 114 105
30 80 29
22 79 21
77 105 43
19 75 18
33 76 32
70 67 57
81 118 43
42 119 82
90 118 81
82 119 91
39 87 69
72 113 45
51 67 70
63 126 39
85 70 57
84 106 56
57 107 85
40 97 80
44 121 86
86 121 61
93 114 41
88 105 55
73 111 46
53 112 74
46 111 75
76 112 53
105 109 55
64 94 46
53 95 65
80 97 52
39 100 63
52 113 72
63 109 49
98 121 62
44 96 63
19 101 75
76 102 32
75 101 58
50 102 76
46 94 73
74 95 53
58 90 75
76 91 50
75 90 46
53 91 76
17 111 73
74 112 34
64 106 14
37 107 65
69 100 39
83 67 51
42 67 83
69 92 55
84 89 12
86 96 44
54 120 83
12 89 11
96 126 63
71 117 59
59 116 72
24 117 71
72 116 27
79 115 41
57 67 82
54 96 86
55 100 69
43 99 81
83 126 54
82 67 42
18 111 17
34 112 33
73 123 17
16 123 73
74 124 35
34 124 74
26 108 3
3 108 25
46 90 81
82 91 53
47 115 79
75 111 18
33 112 76
92 122 60
105 114 49
56 89 84
83 120 42
79 103 47
52 104 80
22 103 79
80 104 29
61 97 86
86 97 40
60 122 89
88 99 43
89 122 11
87 110 8
43 118 77
78 48 40
41 114 77
51 110 87
77 118 58
50 119 78
13 106 84
85 107 38
81 99 56
60 99 88
14 106 13
38 107 37
39 126 83
93 121 44
62 121 93
39 125 87
86 48 54
40 48 86
42 120 119
119 120 78
51 125 83
83 125 39
62 115 98
98 115 47
20 101 19
32 102 31
23 103 22
29 104 28
49 114 93
61 113 97
97 113 52
4 124 34
35 124 4
2 123 16
17 123 2
8 110 7
27 116 26
25 117 24
11 122 10
87 125 51
7 110 70
70 110 51
43 105 88
10 122 92
49 109 105
58 118 90
91 119 50
55 109 100
100 109 63
59 117 108
108 116 59
26 116 108
108 117 25
54 126 96
54 48 120
120 48 78