        1.000000        0.000000
        2.000000        0.000000
        2.000000        2.000000
        0.000000        2.000000
        0.000000        1.000000
        0.195090        0.980785
        0.382683        0.923880
        0.555570        0.831470
        0.707107        0.707107
        0.831470        0.555570
        0.923880        0.382683
        0.980785        0.195090
        1.200000        0.000000
        1.400000        0.000000
        1.600000        0.000000
        1.800000        0.000000
        2.000000        0.200000
        2.000000        0.400000
        2.000000        0.600000
        2.000000        0.800000
        2.000000        1.000000
        2.000000        1.200000
        2.000000        1.400000
        2.000000        1.600000
        2.000000        1.800000
        1.800000        2.000000
        1.600000        2.000000
        1.400000        2.000000
        1.200000        2.000000
        1.000000        2.000000
        0.800000        2.000000
        0.600000        2.000000
        0.400000        2.000000
        0.200000        2.000000
        0.000000        1.800000
        0.000000        1.600000
        0.000000        1.400000
        0.000000        1.200000
        0.877348        1.051116
        1.046370        1.601403
        1.587295        1.063901
        0.672437        1.401528
        1.417143        0.682058
        1.219503        1.234669
        1.557491        1.557491
        1.654629        0.357118
        1.720780        1.315879
        0.963728        1.480369
        1.291667        0.974821
        0.700915        1.708294
        0.598123        1.111114
        1.315879        1.720780
        0.357118        1.654629
        0.952749        1.338165
        1.097146        0.773981
        1.273946        0.353823
        0.336710        1.300477
        1.708294        0.700915
        1.719283        1.719283
        1.124859        0.554312
        1.361346        1.480991
        1.491478        1.249821
        1.117083        1.074105
        1.454196        0.222567
        0.222567        1.454196
        1.791937        0.890537
        0.553637        1.280076
        0.888033        1.793952
        0.876019        0.849118
        0.404367        1.107532
        1.791713        1.512283
        1.517033        1.792405
        1.781581        0.218419
        0.218419        1.781581
        1.809213        0.507926
        0.507926        1.809213
        1.556624        0.833127
        0.854199        1.596240
        1.799986        1.138732
        1.137741        1.798223
        1.469632        0.484717
        0.485576        1.469867
        0.767832        1.236238
        1.156176        0.180994
        0.198348        1.180102
        1.148610        1.410724
        0.709694        0.951077
        1.236922        0.679278
        1.079865        0.362610
        1.642558        0.548980
        0.549152        1.642605
        0.946802        0.688221
        1.374544        1.129626
        1.638084        0.164873
        0.164873        1.638084
        1.074768        1.251182
        1.225617        1.598012
        1.557376        1.378649
        1.304500        0.550838
        1.020622        0.931358
        1.869630        0.699937
        0.699681        1.869836
        1.870014        1.306826
        1.305150        1.872174
        1.321426        0.832147
        1.310002        0.144124
        0.144148        1.315150
        1.853589        1.853589
        1.169589        0.917282
        0.523505        0.979409
        1.853875        0.353615
        0.353615        1.853875
        1.407129        1.608882
        1.439930        0.966139
        1.626809        1.215393
        1.697981        1.873055
        1.872917        1.697031
        1.562328        0.662606
        0.691159        1.562870
        0.821366        1.431591
        1.358809        1.314080
        0.968298        0.517566
        1.883013        0.116987
        0.116987        1.883013
        0.737921        1.089666
        0.951653        1.192472
        1.674602        1.534887
        1.755498        1.615783
        1.638387        1.638387
        1.618158        1.755844
        1.537262        1.674948
        1.333105        1.052223
        1.245814        1.101866
        1.204375        1.024463
        1.297023        1.182148
        1.168293        1.154387
        1.461914        0.353642
        1.371789        0.419270
        1.364071        0.288195
        0.411143        1.385172
        0.354071        1.462032
        0.279639        1.377337
        1.527098        0.111283
        1.427098        0.111283
        1.500000        0.000000
        0.111283        1.427098
        0.111283        1.527098
        0.000000        1.500000
        1.562130        0.420917
        1.554412        0.289843
        0.421347        1.562248
        0.289843        1.554412
        1.078088        0.090497
        1.068481        0.188042
        0.990393        0.097545
        0.196719        1.080443
        0.099174        1.090051
        0.097545        0.990393
        1.619042        0.082436
        1.546140        0.193720
        0.193720        1.546140
        0.082436        1.619042
        1.459361        1.429820
        1.557434        1.468070
        1.459418        1.519241
        1.178088        0.090497
        1.100000        0.000000
        0.099174        1.190051
        0.000000        1.100000
        0.299729        1.044158
        0.301358        1.143817
        1.360078        1.397536
        1.458093        1.346364
        1.895968        0.945269
        1.895968        0.845268
        2.000000        0.900000
        0.844016        1.896976
        0.944017        1.896976
        0.900000        2.000000
        0.792857        0.900097
        0.708400        0.829092
        0.791563        0.778112
        1.571959        0.948514
        1.674281        0.861832
        1.689616        0.977219
        0.871116        1.695096
        0.950284        1.598822
        0.967202        1.697677
        1.632459        0.767021
        1.750115        0.795726
        0.777557        1.652267
        0.794474        1.751123
        1.895856        1.556142
        1.895856        1.456141
        2.000000        1.500000
        1.458516        1.896203
        1.558517        1.896203
        1.500000        2.000000
        1.433011        1.189723
        1.480919        1.096764
        1.539386        1.156861
        0.393525        1.015706
        0.288886        0.952333
        1.482310        1.583187
        1.384238        1.544936
        1.899993        1.069366
        1.795961        1.014635
        1.012887        1.796088
        1.068871        1.899112
        1.674545        1.445466
        1.352575        1.936087
        1.411091        1.832289
        1.830863        1.409555
        1.935007        1.353413
        1.830783        0.795237
        1.934815        0.749969
        0.749841        1.934918
        0.793857        1.831894
        1.021974        0.731101
        1.035831        0.621266
        1.111003        0.664146
        1.709833        0.191646
        1.719042        0.082436
        1.790790        0.109210
        0.082436        1.719042
        0.191646        1.709833
        0.109210        1.790790
        0.826955        0.697664
        0.911411        0.768670
        0.632632        0.891274
        0.631339        0.769289
        1.693640        1.101317
        1.092055        1.699813
        1.639078        1.347264
        1.756247        1.414081
        1.607052        1.139647
        1.559144        1.232607
        0.000000        1.700000
        1.700000        0.000000
        1.180891        0.616795
        1.167034        0.726630
        1.102362        0.458461
        1.176906        0.358216
        1.199403        0.454068
        1.291974        0.248974
        1.382099        0.183345
        0.183358        1.384673
        0.240429        1.307813
        1.289223        0.452331
        1.214679        0.552575
        1.795397        1.311352
        1.310515        1.796477
        1.416456        1.756593
        1.788962        0.700426
        0.700298        1.789065
        0.889136        0.621895
        0.769289        0.631339
        1.498277        0.899633
        1.380678        0.899143
        1.439025        0.832637
        1.168870        1.899112
        1.100000        2.000000
        1.899993        1.169366
        2.000000        1.100000
        1.369285        0.757103
        1.486884        0.757593
        1.904606        0.553963
        1.904606        0.453963
        2.000000        0.500000
        0.453963        1.904606
        0.553963        1.904606
        0.500000        2.000000
        0.479002        1.193804
        0.445173        1.290277
        0.370538        1.204004
        1.515980        0.573662
        1.489736        0.672332
        1.443388        0.583388
        0.681798        1.482199
        0.588367        1.516369
        0.579006        1.435698
        1.602443        0.605793
        1.556095        0.516849
        0.620155        1.602737
        0.517364        1.556236
        0.793521        1.001097
        0.876683        0.950117
        1.462081        1.700643
        0.575880        1.195595
        0.501245        1.109323
        1.034368        1.133288
        0.914500        1.121794
        0.997216        1.062610
        0.267529        1.240290
        1.233089        0.162559
        1.215061        0.267408
        0.171248        1.247626
        1.135994        1.599708
        1.181679        1.698117
        1.289156        1.274374
        1.253709        1.362402
        1.184057        1.322697
        1.254978        1.445858
        1.407237        1.047883
        1.513612        1.015020
        1.279174        0.755713
        1.209286        0.803064
        1.817728        0.286017
        1.754252        0.355367
        1.718105        0.287768
        0.355367        1.754252
        0.286017        1.817728
        0.287768        1.718105
        1.831544        0.430771
        1.731921        0.432522
        0.430771        1.831544
        0.432522        1.731921
        1.245507        0.874715
        1.133367        0.845632
        1.646357        0.260995
        0.260995        1.646357
        1.270748        1.659396
        1.226810        1.759501
        0.948985        0.991237
        1.068852        1.002732
        1.361504        1.664831
        1.143336        0.995694
        1.230628        0.946052
        1.425143        1.281950
        1.524427        1.314235
        1.147136        1.242926
        1.095925        1.162644
        1.934815        0.649968
        1.839421        0.603932
        0.603803        1.839525
        0.649841        1.934918
        1.758754        0.604421
        0.604421        1.758754
        1.675426        0.624947
        1.725885        0.528453
        0.528539        1.725909
        0.625034        1.675450
        1.648594        0.453049
        0.453135        1.648617
        1.926937        0.276807
        1.890791        0.209209
        0.276807        1.926937
        0.209209        1.890791
        1.355001        0.072062
        0.072074        1.357575
        0.948320        0.890238
        0.660735        1.258157
        0.682978        1.173676
        0.613037        1.340802
        0.720134        1.318883
        0.986582        0.811550
        1.118021        0.271802
        1.030325        0.278850
        1.111689        1.330953
        0.887058        1.384878
        0.794599        1.333915
        0.860290        1.287202
        1.001873        0.372646
        0.952333        0.288886
        1.013211        1.221827
        1.832315        1.604657
        1.796100        1.708157
        1.708632        1.796169
        1.607507        1.832730
        1.936459        1.648516
        1.648991        1.936527
        1.713398        1.177062
        0.519607        1.374972
        1.013759        1.294674
        1.050679        1.374445
        1.058884        0.852669
        1.360822        0.616448
        1.387066        0.517778
        0.859742        1.214355
        0.952201        1.265319
        1.926937        0.376808
        2.000000        0.300000
        0.376808        1.926937
        0.300000        2.000000
        1.832297        0.167703
        1.941507        0.158494
        1.841506        0.058493
        0.167703        1.832297
        0.058493        1.841506
        0.158494        1.941507
        1.826795        1.926794
        1.926794        1.926794
        1.900000        2.000000
        1.926794        1.826795
        2.000000        1.900000
        1.673795        1.265636
        1.760383        1.227305
        0.957550        0.602893
        1.046579        0.535939
        1.365798        0.970480
        1.306547        0.903484
        0.746901        1.416559
        1.835000        1.222779
        1.221445        1.835198
        1.935007        1.253413
        1.252575        1.936087
        1.293481        1.539502
        1.187113        1.504368
        1.097490        1.506063
        1.024082        0.440088
        1.270711        0.615058
        1.327033        0.680668
        0.946089        0.450124
        0.616599        0.965243
        0.539538        0.905439
        1.559476        0.747866
        0.908964        1.538305
        1.005049        1.540886
        0.560814        1.045262
        0.653909        1.031095
        1.635311        0.681760
        0.696037        1.635582
        0.772679        1.579555
        1.255001        0.072062
        0.072074        1.257575
        1.300000        0.000000
        0.000000        1.300000
        0.822590        1.143677
        1.366677        1.221853
        0.807635        1.070391
        0.723808        1.020371
        1.056169        1.445547
        0.958238        1.409267
        0.756263        1.497231
        0.837783        1.513915
        0.668022        1.100390
        0.752876        1.162952
        1.592093        1.297021
        2.000000        0.700000
        0.700000        2.000000
        2.000000        1.300000
        1.300000        2.000000
        1.316373        1.603447
        0.058493        1.941507
        0.100000        2.000000
        0.000000        1.900000
        1.941507        0.058493
        1.900000        0.000000
        2.000000        0.100000
        0.453094        0.951645
        0.469127        0.877675
        1.748991        1.936527
        1.700000        2.000000
        1.936459        1.748515
        2.000000        1.700000
        0.899884        0.536568
        0.877675        0.469127
        0.463936        1.043470
        1.095105        0.924320
        1.863253        1.775310
        1.786436        1.786436
        1.775785        1.863322
        0.892547        1.455980
