        1.000000        0.000000
        2.000000        0.000000
        2.000000        2.000000
        0.000000        2.000000
        0.000000        1.000000
        0.382683        0.923880
        0.707107        0.707107
        0.923880        0.382683
        1.500000        0.000000
        2.000000        0.500000
        2.000000        1.000000
        2.000000        1.500000
        1.500000        2.000000
        1.000000        2.000000
        0.500000        2.000000
        0.000000        1.500000
        1.264385        1.186547
        0.684600        1.432185
        1.443568        0.741283
        0.889919        1.075706
        1.570063        1.557090
        1.071443        0.715915
        1.095222        1.573836
        1.602754        1.053236
        0.336837        1.289411
        1.284095        0.352132
        0.379837        1.664486
        1.654025        0.405263
        0.594685        1.129808
        1.740069        0.739956
        0.739261        1.743022
        1.167914        0.951231
        1.257505        0.728599
        1.353976        0.963915
        0.980681        0.895811
        1.077152        1.131127
        1.523161        0.897260
        1.433569        1.119892
        1.586409        1.305163
        1.801377        1.276618
        1.785032        1.528545
        1.297611        1.786918
        1.332642        1.565463
        1.535032        1.778545
        1.785032        1.778545
        2.000000        1.750000
        1.750000        2.000000
        1.179804        1.380192
        0.992571        1.324771
        0.889911        1.503011
        0.787260        1.253945
        1.801377        1.026618
        2.000000        1.250000
        1.047611        1.786918
        1.250000        2.000000
        1.392047        0.176066
        1.142047        0.176066
        1.250000        0.000000
        0.168418        1.144706
        0.168418        1.394706
        0.000000        1.250000
        0.189918        1.582243
        0.189918        1.832243
        0.000000        1.750000
        1.827012        0.202631
        1.577012        0.202631
        1.750000        0.000000
        1.103988        0.367407
        0.961940        0.191341
        0.359760        1.106645
        0.191341        0.961940
        0.650896        0.918457
        0.488684        1.026844
        0.544895        0.815494
        1.417224        1.371819
        0.742302        1.102757
        0.798513        0.891406
        0.439918        1.832243
        0.250000        2.000000
        1.827012        0.452631
        2.000000        0.250000
        1.177769        0.534023
        0.997661        0.549299
        0.889275        0.711511
        0.815494        0.544895
        1.363831        0.546708
        1.870035        0.869978
        1.870035        0.619978
        2.000000        0.750000
        0.619630        1.871511
        0.869630        1.871511
        0.750000        2.000000
        0.358337        1.476948
        1.469060        0.378698
        0.639643        1.280997
        0.465761        1.209610
        0.532218        1.548335
        0.510718        1.360798
        1.548796        0.573273
        1.591819        0.740619
        1.671412        0.896596
        0.917241        1.658429
        0.711931        1.587604
        0.559549        1.703754
        1.697047        0.572609
