        1.000000        0.000000
        2.000000        0.000000
        2.000000        2.000000
        0.000000        2.000000
        0.000000        1.000000
        0.707107        0.707107
        1.500000        0.000000
        2.000000        0.666667
        2.000000        1.333333
        1.333333        2.000000
        0.666667        2.000000
        0.000000        1.500000
        1.149985        1.149985
        0.304655        1.723973
        1.723973        0.304655
        1.000000        1.657548
        1.657548        1.000000
        1.587410        1.587410
        0.551955        1.395890
        1.395890        0.551955
        0.275977        1.197945
        0.275977        1.447945
        0.000000        1.250000
        1.447945        0.275977
        1.197945        0.275977
        1.250000        0.000000
        0.629531        1.051499
        0.353554        0.853554
        1.051499        0.629531
        0.853554        0.353554
        0.152328        1.861986
        0.485661        1.861986
        0.333334        2.000000
        1.861986        0.485661
        1.861986        0.152328
        2.000000        0.333334
        0.850970        1.272938
        0.928546        0.928546
        1.272938        0.850970
        0.428305        1.559932
        0.152328        1.611986
        1.611986        0.152328
        1.559932        0.428305
        0.609311        1.697945
        1.697945        0.609311
        1.793705        1.793705
        1.793705        1.460371
        2.000000        1.666667
        1.460371        1.793705
        1.666667        2.000000
        0.833333        1.828774
        1.166667        1.828774
        1.000000        2.000000
        1.828774        1.166667
        1.828774        0.833333
        2.000000        1.000000
        0.775977        1.526719
        1.526719        0.775977
        0.000000        1.750000
        1.750000        0.000000
        1.074993        1.403767
        1.403767        1.074993
        1.293705        1.622479
        1.622479        1.293705
        1.368698        1.368698
