             5            19            12            21            22            23
             7            20             1            24            25            26
             6            19             5            27            21            28
             1            20             6            25            29            30
             4            14            11            31            32            33
             8            15             2            34            35            36
            13            19             6            37            27            38
             6            20            13            29            39            38
            19            14            12            40            41            22
             7            15            20            42            43            24
            11            14            19            32            40            44
            20            15             8            43            34            45
             3            18             9            46            47            48
            10            18             3            49            46            50
            11            16            10            51            52            53
             9            17             8            54            55            56
            19            16            11            57            51            44
             8            17            20            55            58            45
            12            14             4            41            31            59
             2            15             7            35            42            60
            13            16            19            61            57            37
            20            17            13            58            62            39
            16            18            10            63            49            52
             9            18            17            47            64            54
            17            18            13            64            65            62
            13            18            16            65            63            61
