            45            71            59           127           128           129
            59            72            45           130           131           129
            49            93            63           132           133           134
            63            93            44           133           135           136
            64            81            56           137           138           139
            57            82            65           140           141           142
            15            64            14           143           144           145
            37            65            36           146           147           148
            46            81            64           149           137           150
            65            82            53           141           151           152
             1            84            12           153           154           155
             6            85             5           156           157           158
            15            94            64           159           160           143
            65            95            36           161           162           147
            61            98            45           163           164           165
            13            84             1           166           153           167
             5            85            38           157           168           169
             6            70            85           170           171           156
            61           121            98           172           173           163
            21            66            20           174           175           176
            31            68            30           177           178           179
            69            87             9           180           181           182
            41            77            66           183           184           185
            68            78            40           186           187           188
            66            77            58           184           189           190
            50            78            68           191           186           192
            24            71            23           193           194           195
            28            72            27           196           197           198
            62            93            41           199           200           201
             7            70             6           202           170           203
            45           113            61           204           205           165
            21            79            66           206           207           174
            68            80            30           208           209           178
            45            98            71           164           210           127
            28           104            72           211           212           196
            71           103            23           213           214           194
            66           101            20           215           216           175
            31           102            68           217           218           177
            55            92            60           219           220           221
            73            94            16           222           223           224
            35            95            74           225           226           227
             9            92            69           228           229           182
             9            87             8           181           230           231
            66            79            41           207           232           185
            40            80            68           233           208           188
            71            98            47           210           234           235
            41           115            62           236           237           201
            36            95            35           162           225           238
            16            94            15           223           159           239
            60            88            55           240           241           221
            60            89            56           242           243           244
            56           106            64           245           246           139
            65           107            57           247           248           142
            56            99            60           249           250           244
            47           103            71           251           213           235
            72           104            52           212           252           253
            58           101            66           254           215           190
            68           102            50           218           255           192
            10            92             9           256           228           257
            77           114           105           258           259           260
            30            80            29           209           261           262
            22            79            21           263           206           264
            77           105            43           260           265           266
            19            75            18           267           268           269
            33            76            32           270           271           272
            70            67            57           273           274           275
            81           118            43           276           277           278
            42           119            82           279           280           281
            90           118            81           282           276           283
            82           119            91           280           284           285
            39            87            69           286           180           287
            72           113            45           288           204           131
            51            67            70           289           273           290
            63           126            39           291           292           293
            85            70            57           171           275           294
            84           106            56           295           245           296
            57           107            85           248           297           294
            40            97            80           298           299           233
            44           121            86           300           301           302
            86           121            61           301           172           303
            93           114            41           304           305           200
            88           105            55           306           307           241
            73           111            46           308           309           310
            53           112            74           311           312           313
            46           111            75           309           314           315
            76           112            53           316           311           317
           105           109            55           318           319           307
            64            94            46           160           320           150
            53            95            65           321           161           152
            80            97            52           299           322           323
            39           100            63           324           325           293
            52           113            72           326           288           253
            63           109            49           327           328           134
            98           121            62           173           329           330
            44            96            63           331           332           136
            19           101            75           333           334           267
            76           102            32           335           336           271
            75           101            58           334           254           337
            50           102            76           255           335           338
            46            94            73           320           222           310
            74            95            53           226           321           313
            58            90            75           339           340           337
            76            91            50           341           342           338
            75            90            46           340           343           315
            53            91            76           344           341           317
            17           111            73           345           308           346
            74           112            34           312           347           348
            64           106            14           246           349           144
            37           107            65           350           247           146
            69           100            39           351           324           287
            83            67            51           352           289           353
            42            67            83           354           352           355
            69            92            55           229           219           356
            84            89            12           357           358           154
            86            96            44           359           331           302
            54           120            83           360           361           362
            12            89            11           358           363           364
            96           126            63           365           291           332
            71           117            59           366           367           128
            59           116            72           368           369           130
            24           117            71           370           366           193
            72           116            27           369           371           197
            79           115            41           372           236           232
            57            67            82           274           373           140
            54            96            86           374           359           375
            55           100            69           376           351           356
            43            99            81           377           378           278
            83           126            54           379           380           362
            82            67            42           373           354           281
            18           111            17           381           345           382
            34           112            33           347           383           384
            73           123            17           385           386           346
            16           123            73           387           385           224
            74           124            35           388           389           227
            34           124            74           390           388           348
            26           108             3           391           392           393
             3           108            25           392           394           395
            46            90            81           343           283           149
            82            91            53           285           344           151
            47           115            79           396           372           397
            75           111            18           314           381           268
            33           112            76           383           316           270
            92           122            60           398           399           220
           105           114            49           259           400           401
            56            89            84           243           357           296
            83           120            42           361           402           355
            79           103            47           403           251           397
            52           104            80           252           404           323
            22           103            79           405           403           263
            80           104            29           404           406           261
            61            97            86           407           408           303
            86            97            40           408           298           409
            60           122            89           399           410           242
            88            99            43           411           377           412
            89           122            11           410           413           363
            87           110             8           414           415           230
            43           118            77           277           416           266
            78            48            40           417           418           187
            41           114            77           305           258           183
            51           110            87           419           414           420
            77           118            58           416           421           189
            50           119            78           422           423           191
            13           106            84           424           295           166
            85           107            38           297           425           168
            81            99            56           378           249           138
            60            99            88           250           411           240
            14           106            13           349           424           426
            38           107            37           425           350           427
            39           126            83           292           379           428
            93           121            44           429           300           135
            62           121            93           329           429           199
            39           125            87           430           431           286
            86            48            54           432           433           375
            40            48            86           418           432           409
            42           120           119           402           434           279
           119           120            78           434           435           423
            51           125            83           436           437           353
            83           125            39           437           430           428
            62           115            98           237           438           330
            98           115            47           438           396           234
            20           101            19           216           333           439
            32           102            31           336           217           440
            23           103            22           214           405           441
            29           104            28           406           211           442
            49           114            93           400           304           132
            61           113            97           205           443           407
            97           113            52           443           326           322
             4           124            34           444           390           445
            35           124             4           389           444           446
             2           123            16           447           387           448
            17           123             2           386           447           449
             8           110             7           415           450           451
            27           116            26           371           452           453
            25           117            24           454           370           455
            11           122            10           413           456           457
            87           125            51           431           436           420
             7           110            70           450           458           202
            70           110            51           458           419           290
            43           105            88           265           306           412
            10           122            92           456           398           256
            49           109           105           328           318           401
            58           118            90           421           282           339
            91           119            50           284           422           342
            55           109           100           319           459           376
           100           109            63           459           327           325
            59           117           108           367           460           461
           108           116            59           462           368           461
            26           116           108           452           462           391
           108           117            25           460           454           394
            54           126            96           380           365           374
            54            48           120           433           463           360
           120            48            78           463           417           435
