            28            17            27            32            33            34
            30            17            28            35            32            36
            27            18            28            37            38            34
            31            18            12            39            40            41
            13            19            31            42            43            44
            13            31             3            44            45            46
             3            31            12            45            41            47
            28            19            30            48            49            36
            30            19            29            49            50            51
            12            18            11            40            52            53
            14            19            13            54            42            55
             9            20             1            56            57            58
             5            21            16            59            60            61
             2            22             9            62            63            64
            16            23             4            65            66            67
             1            20             8            57            68            69
             6            21             5            70            59            71
             7            24             6            72            73            74
            28            18            31            38            39            75
            31            19            28            43            48            75
            30            24             7            76            72            77
            10            22             2            78            62            79
             4            23            15            66            80            81
             8            20            17            68            82            83
             7            17            30            84            35            77
             8            17             7            83            84            85
            17            20            27            82            86            33
            11            25            10            87            88            89
            15            26            14            90            91            92
             9            22            20            63            93            56
            21            23            16            94            65            60
            29            24            30            95            76            51
             6            24            21            73            96            70
            20            22            27            93            97            86
            29            23            21            98            94            99
            27            25            18           100           101            37
            19            26            29           102           103            50
            21            24            29            96            95            99
            29            26            23           103           104            98
            22            25            27           105           100            97
            18            25            11           101            87            52
            14            26            19            91           102            54
            23            26            15           104            90            80
            10            25            22            88           105            78
