1.000000 0.000000
2.000000 0.000000
2.000000 2.000000
0.000000 2.000000
0.000000 1.000000
0.068242 0.997669
0.136167 0.990686
0.203456 0.979084
0.269797 0.962917
0.334880 0.942261
0.398401 0.917211
0.460065 0.887885
0.519584 0.854419
0.576680 0.816970
0.631088 0.775711
0.682553 0.730836
0.730836 0.682553
0.775711 0.631088
0.816970 0.576680
0.854419 0.519584
0.887885 0.460065
0.917211 0.398401
0.942261 0.334880
0.962917 0.269797
0.979084 0.203456
0.990686 0.136167
0.997669 0.068242
1.066667 0.000000
1.133333 0.000000
1.200000 0.000000
1.266667 0.000000
1.333333 0.000000
1.400000 0.000000
1.466667 0.000000
1.533333 0.000000
1.600000 0.000000
1.666667 0.000000
1.733333 0.000000
1.800000 0.000000
1.866667 0.000000
1.933333 0.000000
2.000000 0.068966
2.000000 0.137931
2.000000 0.206897
2.000000 0.275862
2.000000 0.344828
2.000000 0.413793
2.000000 0.482759
2.000000 0.551724
2.000000 0.620690
2.000000 0.689655
2.000000 0.758621
2.000000 0.827586
2.000000 0.896552
2.000000 0.965517
2.000000 1.034483
2.000000 1.103448
2.000000 1.172414
2.000000 1.241379
2.000000 1.310345
2.000000 1.379310
2.000000 1.448276
2.000000 1.517241
2.000000 1.586207
2.000000 1.655172
2.000000 1.724138
2.000000 1.793103
2.000000 1.862069
2.000000 1.931034
1.931034 2.000000
1.862069 2.000000
1.793103 2.000000
1.724138 2.000000
1.655172 2.000000
1.586207 2.000000
1.517241 2.000000
1.448276 2.000000
1.379310 2.000000
1.310345 2.000000
1.241379 2.000000
1.172414 2.000000
1.103448 2.000000
1.034483 2.000000
0.965517 2.000000
0.896552 2.000000
0.827586 2.000000
0.758621 2.000000
0.689655 2.000000
0.620690 2.000000
0.551724 2.000000
0.482759 2.000000
0.413793 2.000000
0.344828 2.000000
0.275862 2.000000
0.206897 2.000000
0.137931 2.000000
0.068966 2.000000
0.000000 1.933333
0.000000 1.866667
0.000000 1.800000
0.000000 1.733333
0.000000 1.666667
0.000000 1.600000
0.000000 1.533333
0.000000 1.466667
0.000000 1.400000
0.000000 1.333333
0.000000 1.266667
0.000000 1.200000
0.000000 1.133333
0.000000 1.066667
1.652550 1.854510
0.609828 1.145754
1.489169 1.893681
1.077398 0.884297
1.052073 1.597427
0.681482 1.414772
1.420242 0.684802
0.373852 1.281327
0.966939 1.321171
1.555112 1.543259
0.307645 1.619329
1.619329 0.307645
1.530139 0.795261
0.775191 1.263919
0.536721 0.919708
1.054701 0.580330
1.168562 0.137211
0.134031 1.169863
1.750346 1.894830
1.890083 0.944016
0.408893 1.383896
0.421119 1.723162
1.723162 0.421119
0.066000 1.466526
1.027884 1.697376
1.891553 1.747883
1.453931 0.226466
1.069052 1.112606
1.324037 0.150294
1.567503 0.260864
1.110720 0.414994
0.854534 0.873027
0.214869 1.790153
1.163502 1.160884
1.790153 0.214869
1.229120 0.656583
1.774379 1.531622
1.520762 1.778781
0.967377 1.789809
1.789809 0.967377
0.202531 1.182806
1.182806 0.202531
0.487484 1.458048
1.297019 0.564785
1.453289 0.476117
0.864379 1.522588
1.523755 0.862535
1.239192 0.770357
1.130281 1.418262
0.960550 0.712726
1.833008 0.392499
0.378082 1.111027
0.170637 1.615964
1.615964 0.170637
1.890455 1.485165
1.370813 1.124605
1.200149 1.060307
0.535004 1.301357
1.212521 1.591589
1.577677 1.391516
0.927888 0.997243
0.696129 1.841456
0.811834 1.317329
1.844010 1.382560
1.483232 0.595025
0.595004 1.483273
1.388324 1.856533
0.917528 1.177818
1.848640 1.837462
1.413243 1.588761
1.612307 1.192444
1.095039 1.253488
1.854434 1.649769
0.997666 1.461718
0.834713 1.855265
1.855265 0.834713
0.987548 0.555040
1.652512 0.922660
0.920597 1.654379
1.357883 1.335378
1.092760 0.742489
1.462609 1.021130
1.215194 0.898473
1.359014 0.826034
0.357630 1.490272
1.492177 0.358237
1.679449 1.617361
1.460557 1.466212
0.122373 1.868949
1.868949 0.122373
1.648780 0.502153
0.757127 1.583163
0.720664 0.860316
1.584905 0.759049
0.839038 0.747687
0.535027 0.989193
1.727926 1.209914
1.659835 1.497157
1.874339 1.269346
1.270503 1.876538
1.140059 1.689951
1.498813 1.139113
1.720442 1.070655
0.115364 1.509977
1.509977 0.115364
0.671322 1.102827
0.270372 1.340902
1.340902 0.270372
0.466397 1.206898
0.496951 1.875842
1.875842 0.496951
1.107020 1.001721
1.878642 1.051867
1.050856 1.869265
0.048723 1.231690
0.960054 0.826282
1.212538 0.472095
0.791185 0.965841
0.117235 1.721051
1.721051 0.117235
0.275056 1.880889
1.880889 0.275056
0.651423 1.707330
1.707415 0.651383
1.016838 0.765841
0.263444 1.081220
0.111754 1.105704
1.114584 0.107188
0.969509 1.110987
1.667551 1.004323
1.138576 1.093193
0.181332 1.058696
1.241098 1.654331
1.177909 0.721047
1.388348 1.394694
0.801883 1.206410
1.246597 1.364857
1.566837 1.664420
0.270372 1.675892
1.675892 0.270372
1.431477 1.710505
0.891883 1.410492
0.258919 1.557614
0.311249 1.198136
1.201431 0.314233
1.336381 0.470933
1.226736 0.104265
0.104265 1.226736
0.547377 1.927222
1.927222 0.547377
0.222635 1.848568
1.848568 0.222635
1.153295 0.257212
1.685895 0.865579
0.858388 1.693641
0.258740 1.152544
0.517081 1.055282
0.944016 1.890083
0.432192 1.018727
1.742956 1.418405
1.557871 0.451795
0.455387 1.556369
0.604612 1.898147
1.898147 0.604612
1.224488 1.486395
1.127769 1.523818
0.867909 1.754791
1.748095 0.871049
0.791691 1.444578
1.007159 0.459492
1.455207 1.363704
0.639917 1.329067
1.386858 0.371314
1.339777 1.227623
0.593627 1.206673
0.901723 0.620545
1.320078 0.703080
1.546923 0.962949
1.406831 0.097968
0.097968 1.406831
1.439536 0.921916
1.057139 1.360176
1.639079 1.752924
1.578719 1.295101
1.467212 0.783905
1.271887 1.145471
0.959289 1.557342
1.310271 1.567243
0.986369 0.928357
1.166055 0.824374
1.082803 0.519637
1.034893 0.646281
1.314008 1.049308
0.314189 1.760441
1.760441 0.314189
1.012755 1.200471
1.223362 1.742650
1.393099 0.562574
1.904232 1.148854
1.148637 1.904803
0.563770 1.387922
0.829520 1.625107
1.625074 0.829453
0.884725 1.269125
1.073075 0.202118
1.147880 1.326497
1.029054 0.365983
0.600891 0.904387
0.761765 1.907173
1.907173 0.761765
0.887319 1.090657
0.087121 1.630849
1.630849 0.087121
1.512848 0.683711
1.195123 0.556409
0.684847 1.513407
1.497217 1.625855
1.071823 1.791372
1.771415 1.614206
1.030993 1.022901
1.279648 0.846121
0.385184 1.903936
1.903936 0.385184
0.773467 1.794498
1.794498 0.773467
0.326840 1.051145
1.911914 1.911914
0.614066 1.049755
0.721131 1.038329
1.910514 1.579737
1.579737 1.910514
1.254542 0.210338
0.210384 1.254534
1.641897 1.395274
0.764292 0.784612
0.455897 1.082259
1.799763 1.307967
1.311696 1.801141
0.468216 1.800440
1.800440 0.468216
0.306491 1.419974
1.444995 1.178486
0.555357 1.546779
1.546774 0.555364
0.735359 1.314772
0.459745 1.324484
1.251588 0.983373
0.084996 1.802087
1.802087 0.084996
0.203338 1.914098
1.477803 1.313575
1.914098 0.203338
1.117188 1.139381
1.633490 1.118273
1.502510 1.409929
1.178311 0.387127
1.913631 1.337857
1.338846 1.915734
0.874324 0.958080
0.901346 0.833559
1.084576 1.057236
0.253915 1.738245
1.738245 0.253915
0.721548 1.700503
1.437901 1.649572
0.622852 1.652406
1.652377 0.622911
1.223101 1.185514
0.134533 1.663729
1.663729 0.134533
1.700480 0.721697
1.542228 1.467616
0.191853 1.520711
1.521179 0.196032
0.573596 1.690143
1.690170 0.573710
0.643807 1.783879
1.294702 0.077652
1.772717 1.815837
1.352369 0.628863
1.133855 1.598148
1.400468 1.516939
0.193650 1.685699
1.685699 0.193650
1.477866 1.552588
1.815279 1.938490
1.926700 1.834668
1.919128 1.420956
1.422593 1.919939
1.802303 1.042863
1.434881 1.793643
0.686780 1.633242
1.819414 1.716972
0.846663 0.668049
1.632504 0.687449
0.677224 1.916424
1.916424 0.677224
0.746021 1.150553
0.912181 0.769468
1.798092 1.232661
1.440981 0.298605
0.203653 1.380028
1.380028 0.203653
1.351245 1.625854
1.084157 1.480840
0.636079 0.847990
1.539363 1.206070
1.143966 0.938738
1.384647 1.018256
0.387473 1.208837
1.926220 1.679337
1.682328 1.926198
1.930540 0.862069
0.862069 1.930540
1.442315 1.095582
1.640789 1.257176
1.632063 1.554228
1.312808 1.394260
1.826766 1.460575
1.053524 0.412334
0.084511 1.914968
1.914968 0.084511
1.443333 0.405613
0.306749 1.274041
0.838562 1.028878
1.402708 1.270955
0.350631 1.690869
1.691839 0.350984
1.273139 0.305403
1.504675 1.704932
0.059278 1.570038
1.570038 0.059278
1.699604 1.546356
1.576516 1.836448
1.603631 1.047719
1.244666 1.246922
0.688182 1.236911
0.392499 1.833008
1.841456 0.696129
1.812069 1.154813
1.154813 1.812069
1.712956 1.310193
0.556656 1.752894
0.667776 0.969803
0.119405 1.046464
1.593033 0.617650
0.226466 1.453931
0.795107 1.088118
1.344598 0.944211
0.617650 1.593033
1.285235 0.378095
1.740375 1.740375
1.090693 0.294453
0.150294 1.324037
0.499045 1.648141
0.077652 1.294702
0.951462 1.609096
1.701142 0.768930
1.132176 0.610832
0.769061 1.700931
0.541319 1.109252
1.341375 1.465661
1.783889 0.643803
1.620806 0.379431
1.752894 0.556656
0.376599 1.613043
1.317270 1.730464
1.480258 1.260231
1.164766 0.066431
0.065116 1.167056
1.084291 1.179356
1.026322 1.271372
1.841836 1.588983
1.371423 1.756241
1.522685 1.059052
0.706159 1.761769
1.761769 0.706159
0.996249 1.381599
0.634870 1.846431
1.685958 1.694907
1.171164 1.233731
0.487462 1.731500
1.731583 0.487864
0.922268 1.475995
1.273709 1.298427
0.926465 0.521882
1.935337 1.206448
1.206365 1.936303
0.752785 1.387452
0.994853 1.643231
0.960772 1.716296
0.347217 1.352666
0.441612 1.938268
1.938268 0.441612
0.925690 0.889742
1.930855 0.998163
0.344317 1.239409
0.998018 1.929515
0.792460 1.516022
1.024174 1.532637
1.429791 0.845795
0.955913 1.246227
1.696635 1.800212
0.330903 1.552536
1.561196 0.336398
1.570000 1.149261
1.186055 1.000456
0.286262 1.492985
0.906390 1.822630
1.833917 0.909790
1.741068 1.142849
1.051147 0.949068
1.581446 0.904117
1.725473 0.934128
1.148962 0.508969
1.228964 1.805910
0.847731 1.150124
1.068319 0.813638
0.726908 0.931928
0.477243 0.964850
0.882302 1.339415
0.491536 1.384928
1.126571 0.355886
0.894571 1.585872
1.382366 0.897570
0.395687 1.551026
1.280060 0.448976
1.529374 1.340219
0.783855 0.899462
0.156736 1.449007
1.448104 0.155087
1.307714 0.771879
1.378909 0.739449
1.099971 0.674430
0.428175 1.491275
0.159446 1.813988
1.813988 0.159446
0.563645 1.854474
1.854474 0.563645
1.032886 0.251074
0.817200 0.814015
0.534520 1.239902
1.275333 0.929304
0.431795 1.661105
1.660581 0.434051
1.466526 0.066000
1.863836 1.189829
1.123509 1.752308
0.694728 0.788860
1.939158 0.321981
0.321981 1.939158
1.417510 0.619887
1.723071 1.481511
1.503515 0.278625
0.607849 1.427782
0.236552 1.619222
1.621629 0.235646
1.737885 1.004510
1.690225 0.059261
0.059261 1.690225
1.201176 1.427525
0.325803 1.823905
1.823905 0.325803
0.432444 1.268793
0.599824 1.277601
1.077929 1.656972
1.945286 1.070211
1.068980 1.943009
0.065079 1.062787
1.062787 0.065079
0.057256 1.859366
1.859366 0.057256
1.851708 0.991241
0.991241 1.851708
1.601862 1.607053
0.828642 1.391637
1.768121 1.680624
0.560098 1.618808
1.618886 0.560482
1.211962 0.836209
0.761801 1.650928
0.975460 0.619508
1.288206 1.504520
1.947104 1.947104
1.199044 1.303636
1.651233 0.762193
1.578173 1.749940
1.605825 0.973785
1.367147 0.055024
0.055024 1.367147
0.143544 1.934749
1.934749 0.143544
0.894583 0.711649
0.786856 0.705534
1.617813 1.449592
1.944662 1.273075
1.278306 1.943274
0.436892 1.870299
1.870299 0.436892
1.835789 1.781366
1.634158 1.337210
0.212916 1.120060
0.532623 1.174502
1.333331 0.338078
1.186524 1.865177
0.605891 0.975772
1.264352 0.155482
0.155484 1.264351
1.186487 1.643963
0.729621 1.467644
0.133094 1.569426
1.569455 0.133347
1.504806 0.424635
1.032463 0.701781
0.315572 1.123258
1.167396 0.655860
0.669509 1.184172
1.339926 0.405742
1.015904 0.871522
1.210177 1.122006
1.290453 0.630779
0.851951 1.460644
1.273696 0.518168
0.379550 0.985567
1.054054 0.139495
0.251671 1.020851
1.851416 1.111742
1.109861 1.855440
0.258335 1.226004
0.374059 1.766607
1.766689 0.374089
0.864450 1.209795
1.767596 1.365918
0.421983 1.151981
0.662218 0.911693
0.978776 0.398747
1.226528 0.258348
1.257426 0.711410
1.485141 0.963600
0.682626 1.565910
1.565717 0.683107
1.152500 0.452262
1.188555 1.529711
1.162082 1.475023
1.949578 1.482759
1.482759 1.949578
0.777544 1.030455
1.269108 1.440536
0.933221 0.950947
1.633525 1.657100
1.286541 1.204069
1.747333 1.263024
0.738478 1.214469
1.393815 0.501504
1.846432 0.634870
1.373067 1.694863
1.946829 0.256627
0.256627 1.946829
1.327940 1.859256
1.857936 1.324433
1.674813 1.179231
1.599472 1.504528
1.532683 0.629559
0.948939 1.422052
0.629548 1.532729
0.171767 1.749105
1.749105 0.171767
1.061026 1.411013
1.340796 0.531150
1.490199 0.538559
0.538559 1.490199
1.123215 0.183144
1.501041 1.839733
0.947955 0.461419
1.009325 0.315266
1.231363 0.048911
1.262078 1.087581
1.948531 1.619782
1.619964 1.948530
1.063113 0.464454
0.684362 1.351515
1.026326 0.511185
0.499067 1.586654
1.581964 0.501481
1.658845 1.065271
1.398275 0.260260
1.564853 0.399963
0.825886 1.566685
0.927167 1.942678
1.942838 0.927184
1.268780 1.606574
1.458184 0.724029
1.947544 1.760223
1.758621 1.952743
1.946809 0.798303
0.798303 1.946809
0.582611 1.339469
0.375671 1.430079
0.765504 1.863550
1.863550 0.765504
1.233013 0.359338
0.881340 0.571709
0.267459 1.809499
1.809499 0.267459
0.732756 1.091898
1.021001 1.754706
0.810134 1.737819
1.735780 0.811583
1.837776 1.518522
0.958138 1.046469
1.403552 0.962234
0.145105 1.381144
1.381356 0.143984
1.327947 1.167447
0.933314 1.364966
1.785460 1.104584
0.983783 0.984734
1.318727 0.207168
0.207170 1.318727
1.271736 1.756934
0.391795 1.052513
1.445859 1.860982
0.602751 1.739346
1.739346 0.602751
1.754306 0.055733
0.055733 1.754306
0.355102 1.162589
1.687557 1.435610
0.827617 1.253315
0.436967 1.435622
1.948954 0.729654
0.729654 1.948954
1.706503 1.858585
1.154077 0.871248
1.134530 0.789295
1.404468 1.460213
0.251746 1.398709
1.519834 0.738177
0.665990 1.028972
1.793623 0.847705
0.836060 1.798467
0.403022 1.328790
0.633674 1.952280
1.952280 0.633674
1.085458 1.311924
1.108502 1.367434
1.368923 1.072387
1.538629 1.948371
1.948371 1.538629
1.412896 1.330357
0.434359 1.602694
0.489235 1.514078
1.515469 0.488930
1.517108 1.005131
1.237799 0.412451
1.870090 1.437314
1.569839 0.833925
1.440535 1.416426
1.319276 1.107800
0.923124 1.756732
1.624887 1.804034
1.876179 0.340105
0.340105 1.876179
0.485622 1.268287
1.512988 0.917278
1.392267 0.438537
1.488121 1.189723
0.970747 1.165581
1.372339 0.677355
1.468471 0.650409
1.723474 1.646532
0.650317 1.468602
1.389800 0.315429
1.806525 1.877145
0.937429 0.576128
0.887543 1.882265
1.882265 0.887543
1.341308 1.524648
0.672836 1.287437
1.077034 1.723781
1.305167 0.992147
0.485134 1.014089
0.733182 1.526632
1.872905 1.698491
1.111504 0.048557
0.048860 1.111665
1.332225 1.283787
1.082342 1.550649
1.792660 1.415125
0.731694 0.986004
0.642029 1.237760
1.199288 1.698322
1.533397 1.261935
1.582418 1.240468
1.418102 0.048282
0.048282 1.418102
1.769914 1.185751
1.778030 0.912141
1.790738 1.763994
1.122753 0.555235
1.325283 0.886783
0.776124 0.846737
0.564442 1.032662
0.966985 0.765804
0.909093 1.705836
0.047715 1.513017
1.513017 0.047715
1.169225 1.376728
0.925393 0.669367
0.864860 0.807551
1.436418 0.352878
1.472949 1.746965
1.135178 1.953823
1.955694 1.136058
1.418622 0.783842
1.014193 0.814579
1.000143 1.590204
1.477776 0.875516
1.259468 1.035016
1.364139 1.565885
1.888810 1.948690
1.951229 1.880789
1.353414 0.105344
0.105504 1.353384
1.175969 1.758729
1.484899 0.831874
1.606896 0.448107
1.619299 1.704528
1.100572 0.242571
1.541012 1.877186
1.021419 1.327836
1.438524 0.548944
0.966983 1.506005
0.917368 1.529014
0.531899 1.352871
1.697853 1.377101
1.508941 1.507419
1.074327 0.349605
1.391771 1.191881
0.733691 0.733691
0.198211 1.576587
1.579250 0.205489
1.020280 1.141231
1.302183 1.668085
1.561854 1.009705
1.015329 1.078388
0.846199 0.615326
0.541094 1.439009
1.196811 0.615276
1.690438 1.749389
1.111969 0.478126
1.579982 1.341011
0.527134 1.803039
1.803052 0.527201
1.539779 1.598635
1.109885 0.845400
1.210325 0.954428
1.345064 0.578497
0.499847 1.950714
1.950714 0.499847
0.988303 0.669287
1.020460 1.811372
1.217240 0.161971
0.161524 1.217425
0.893474 1.036180
0.825975 0.924102
0.920629 1.131715
1.189026 0.788535
0.599892 1.097977
1.250396 0.587729
0.312802 0.991123
0.240875 1.506310
0.426056 1.772998
1.772998 0.426056
1.699374 1.249039
1.248804 1.547672
1.025957 0.186462
0.174196 1.873644
1.873644 0.174196
0.979090 0.501803
1.139939 1.281048
1.143275 1.042583
1.724337 1.594971
0.297277 1.716362
1.716604 0.297365
0.569529 0.866644
0.483644 1.144978
1.057476 1.221529
1.149479 0.312055
1.899448 1.628346
1.628346 1.899448
1.950282 1.377040
1.377040 1.950282
1.130728 1.199653
0.755501 1.741879
1.741615 0.755710
0.123049 1.769340
1.769340 0.123049
1.306579 1.340580
1.418261 1.138911
0.037092 1.632686
1.632686 0.037092
1.422504 1.050190
0.048447 1.952196
1.952196 0.048447
1.565871 1.096669
1.080435 0.627968
0.804471 1.900667
1.900667 0.804471
1.293746 1.252651
0.586471 1.959615
1.959615 0.586471
0.723394 1.892939
1.892939 0.723394
0.807802 1.678823
1.866311 1.891395
1.675808 0.810119
0.918081 1.305460
0.425620 0.957559
1.458872 1.597236
1.628422 0.878614
0.163625 1.126255
1.771038 1.459456
1.440521 1.223079
1.888256 1.795580
0.103036 1.964875
1.964875 0.103036
1.689487 1.115144
1.261224 1.708184
0.723463 1.264338
0.034168 1.900000
1.900000 0.034168
0.380860 1.958844
1.958844 0.380860
1.805476 1.648968
0.905654 1.225741
0.626665 1.375088
1.361891 1.808529
1.881244 1.540695
1.102703 1.905268
1.905611 1.101354
0.588144 1.796677
1.796681 0.588154
1.282768 0.250326
0.250602 1.282842