        0.000000        0.000000
       48.000000       44.000000
       48.000000       60.000000
        0.000000       44.000000
        4.800000        4.400000
        9.600000        8.800000
       14.400000       13.200000
       19.200000       17.600000
       24.000000       22.000000
       28.800000       26.400000
       33.600000       30.800000
       38.400000       35.200000
       43.200000       39.600000
       48.000000       49.333333
       48.000000       54.666667
       42.000000       58.000000
       36.000000       56.000000
       30.000000       54.000000
       24.000000       52.000000
       18.000000       50.000000
       12.000000       48.000000
        6.000000       46.000000
        0.000000       37.714286
        0.000000       31.428571
        0.000000       25.142857
        0.000000       18.857143
        0.000000       12.571429
        0.000000        6.285714
       23.267639       32.098572
        4.454595       40.644805
       28.567532       33.414207
        4.296318        9.604034
       25.192886       39.766590
       17.333412       24.709685
        4.346418       22.152356
       29.580103       41.990830
       33.571043       44.016696
        4.066657       35.314186
       18.090560       30.398806
        4.410866       26.721048
       37.947892       45.961138
       42.803290       45.208515
       14.023233       38.171829
       40.147787       49.439702
       22.687824       26.878250
       21.454319       45.851610
       39.938180       53.620384
       31.977134       38.005874
       11.288183       42.468487
       18.971011       36.161090
       13.064375       28.767595
        8.728928       37.148809
        7.081588       15.963025
       13.618604       18.929485
       35.143836       49.876443
       27.579351       46.174160
       10.112251       23.973818
       38.073504       41.264334
       16.044735       45.865795
       17.908943       41.303115
       13.219101       33.777642
        7.595661       30.907637
       43.949533       51.914835
       10.974014       35.463226
        8.162294       34.028223
       10.407381       32.342640
       18.266706       21.154843
       15.476008       21.819585
       16.409302       18.264743
        0.000000       15.714286
        3.540794       14.267227
        3.540794       17.410084
       21.600000       19.800000
       20.666706       23.354843
        2.148159       11.087732
        5.688953       12.783530
       28.789676       50.087080
       31.361593       48.025301
       32.571918       51.938221
        8.340794       12.381512
        6.948159        9.202017
       13.722831       24.341752
       11.865427       21.451652
       12.000000       11.000000
       10.740794       14.581512
       27.000000       53.000000
       25.789676       49.087080
       45.401645       47.270924
       45.974767       50.624084
       43.376412       48.561675
       21.550915       40.534852
       23.323602       42.809100
       19.681631       43.577362
       13.621167       35.974736
       11.376081       37.660319
       18.439977       38.732102
       22.081949       37.963840
       24.230263       35.932581
       25.917586       32.756389
       26.880209       36.590398
       30.575197       45.095428
       34.357439       46.946570
       26.033819       29.249286
       28.683766       29.907103
       21.119325       34.129831
       48.000000       57.333333
       45.000000       59.000000
       45.000000       56.333333
       22.977731       29.488411
       25.743912       26.639125
        8.644092       44.234244
        5.227298       43.322402
        7.871389       41.556646
        2.400000        2.200000
        2.400000        5.342857
        0.000000        3.142857
       10.008555       39.808648
        6.591762       38.896807
       48.000000       46.666667
       45.401645       44.604258
       36.000000       33.000000
       35.188567       36.602937
       32.788567       34.402937
        8.596920       19.968422
       10.350096       17.446255
       41.475538       47.324108
       42.048660       50.677268
        5.714003       19.057690
        2.173209       20.504750
       42.974767       54.957417
       45.974767       53.290751
       14.009302       16.064743
        7.229335       23.063087
       22.727159       48.925805
       24.516835       46.012885
        8.853956       27.440728
        6.003264       28.814343
        7.261559       25.347433
        3.797830       31.168104
        2.205433       29.074810
       28.585010       38.886232
       30.272333       35.710040
       10.330018       29.837616
       13.141738       31.272619
        5.831159       33.110912
        2.033329       33.371378
       21.000000       51.000000
       19.727159       47.925805
        6.397792       36.231498
       15.198894       26.738640
       11.588313       26.370707
       23.343912       24.439125
       20.010618       25.793968
       26.386119       42.970375
       31.083766       32.107104
       31.200000       28.600000
       32.774089       41.011285
       35.025319       39.635104
       35.822274       42.640515
        7.200000        6.600000
        4.548159        7.002017
       38.236752       38.232167
        9.000000       47.000000
       11.644092       45.234244
       45.600000       41.800000
       43.001645       42.404257
        0.000000        9.428572
        2.148159        7.944874
       30.778619       39.998352
       27.386495       40.878710
       37.645812       49.658073
       40.042984       51.530043
       37.541008       51.748413
        0.000000       22.000000
        2.173209       23.647607
        0.000000       28.285714
        2.205433       25.931953
       31.575573       43.003763
       33.000000       55.000000
       35.571918       52.938221
        4.378642       24.436702
       37.969090       54.810192
       28.579727       44.082495
       16.800000       15.400000
       40.438397       43.236424
       40.636752       40.432167
       26.400000       24.200000
       40.969090       55.810192
       41.943857       52.767609
       36.545864       47.918791
       39.047840       47.700420
        3.000000       45.000000
        2.227298       42.322402
       40.375591       45.584826
       38.010698       43.612736
       48.000000       52.000000
       40.800000       37.400000
        0.000000       34.571429
        2.033329       36.514236
        4.260626       37.979495
        2.227298       39.179546
       35.759467       44.988917
        0.000000       40.857143
       17.711986       27.554246
       15.577468       29.583201
       39.000000       57.000000
       15.966088       39.737472
       16.497122       37.166460
       16.095056       34.969366
       15.000000       49.000000
       14.022367       46.932897
       17.022368       47.932897
       18.749527       45.858702
       16.976839       43.584455
       15.654830       32.088224
       12.655708       40.320158
       13.666459       44.167141
       14.598563       41.885801
       18.530786       33.279948
       20.679099       31.248689
       20.389192       28.638528
