185 383 314
265 166 163
369 157 130
166 265 462
316 490 277
462 265 491
46 47 252
14 15 339
342 31 211
166 167 163
198 486 175
279 281 123
185 503 286
125 412 450
245 125 450
303 302 299
138 514 434
455 138 434
159 332 521
21 22 137
374 319 492
388 503 314
447 245 496
503 185 314
397 208 160
154 380 499
2 37 430
138 455 183
118 138 183
462 348 510
383 185 272
466 462 510
514 138 441
107 146 338
482 363 191
379 482 191
210 427 440
115 414 202
138 118 407
414 162 202
447 181 216
36 2 430
361 447 216
332 159 357
147 476 283
159 470 357
134 405 287
412 102 450
102 290 450
467 147 283
380 93 499
518 241 218
204 363 519
461 153 330
524 247 288
137 480 463
493 261 227
470 159 358
323 107 338
14 339 230
405 222 287
486 198 421
520 137 463
346 7 168
430 37 100
447 496 300
147 467 306
28 29 376
157 263 130
376 233 202
162 376 202
52 257 266
315 369 479
219 331 117
223 510 451
252 301 341
363 204 191
204 508 275
164 251 284
265 372 349
315 252 341
371 147 306
261 265 349
304 461 330
378 470 274
442 219 117
252 47 416
251 190 284
492 323 128
247 524 358
303 103 180
120 93 498
21 137 187
351 526 469
188 303 180
53 54 215
210 440 336
485 38 263
458 111 405
139 252 479
116 493 227
362 470 378
149 346 168
518 355 241
199 248 484
196 451 242
241 136 218
64 65 269
369 315 217
134 268 405
377 403 175
157 369 217
404 377 175
333 321 152
323 492 481
510 177 452
493 196 242
363 482 151
495 118 421
252 315 479
432 373 449
177 510 224
31 32 211
281 386 123
321 413 152
116 342 500
273 251 437
503 273 286
185 286 335
332 199 484
36 430 517
126 105 391
322 302 439
339 179 230
313 97 525
225 343 440
370 371 457
427 225 440
208 397 411
345 515 227
322 439 128
515 116 227
508 204 400
64 269 254
319 374 328
342 233 289
439 374 128
279 123 309
120 409 477
142 27 423
301 252 416
247 90 288
143 250 161
280 267 511
380 154 206
157 485 263
302 322 109
111 222 405
28 376 423
389 361 216
137 270 187
383 389 216
485 157 171
316 297 152
510 348 451
38 485 100
257 158 266
250 143 436
303 188 328
103 303 104
482 379 197
251 164 200
526 178 469
137 520 428
122 114 422
122 205 114
270 137 428
476 382 283
516 290 144
290 280 144
297 316 160
81 82 523
179 339 264
339 189 264
252 139 320
495 421 186
347 124 394
457 429 351
432 386 373
399 95 209
360 142 312
92 457 351
410 97 519
164 399 209
90 157 288
212 410 519
397 160 135
251 273 190
9 460 220
92 351 469
460 9 256
146 107 453
371 370 255
467 513 150
513 154 150
303 299 104
280 290 311
33 34 94
477 409 392
46 252 320
93 120 477
516 144 326
83 84 262
144 213 326
6 7 346
332 167 521
224 430 366
158 248 199
480 137 121
262 84 307
302 303 439
142 162 253
342 116 507
233 342 507
333 105 219
81 523 489
31 342 289
24 25 365
492 319 113
516 279 496
279 516 326
519 363 449
512 347 394
225 427 393
215 54 98
297 426 391
427 161 393
93 380 498
269 442 254
426 297 381
162 142 423
19 20 474
267 280 129
102 56 311
137 22 121
95 399 432
120 299 148
467 150 306
299 302 148
269 333 219
414 185 335
273 503 456
1 5 89
431 371 255
126 391 239
523 141 489
105 331 219
290 516 91
193 153 461
262 527 295
474 514 173
333 269 321
490 316 201
90 247 415
339 15 214
414 115 272
169 45 320
373 212 449
16 174 214
494 143 127
371 431 147
189 518 225
189 339 468
518 343 225
157 90 171
517 430 224
399 386 432
377 404 282
111 458 473
162 414 192
301 378 274
49 50 362
42 43 169
12 13 193
43 44 169
474 20 187
185 414 272
404 109 282
444 68 296
460 122 220
94 223 451
122 460 226
269 65 321
43 3 44
420 340 165
291 112 443
181 314 216
53 215 257
340 372 165
125 245 356
515 115 260
9 10 256
527 262 307
134 403 377
277 490 278
27 142 419
376 162 423
142 360 419
115 515 132
44 45 169
313 61 236
515 345 132
245 447 356
19 474 173
146 134 377
116 515 507
331 105 465
442 269 219
427 210 353
369 364 479
118 495 407
12 193 461
314 383 216
56 57 311
397 277 318
281 213 433
33 94 445
281 279 326
503 388 456
374 492 128
446 215 258
144 280 511
342 211 500
215 446 194
490 444 296
447 361 172
330 156 110
446 125 327
112 126 239
233 325 289
360 365 106
142 253 312
249 112 239
27 28 423
177 224 366
376 29 325
175 486 509
173 514 155
38 39 263
508 313 236
259 523 424
233 376 325
8 9 220
127 143 195
270 474 187
248 446 238
523 82 424
49 362 378
519 97 400
412 125 258
401 248 238
397 133 411
125 446 258
204 519 400
61 313 96
210 403 287
35 36 517
292 166 462
298 441 241
441 136 241
275 379 191
193 13 230
466 292 462
295 527 324
460 256 305
161 353 195
174 355 214
204 275 191
361 340 172
340 420 172
290 102 311
24 365 329
139 169 320
18 19 173
340 361 417
161 427 353
62 63 395
181 447 300
193 179 285
291 380 206
153 193 285
370 367 255
409 120 148
367 337 255
357 385 199
80 81 489
11 12 461
365 25 106
313 508 400
332 357 199
302 109 148
42 169 182
231 359 197
520 367 428
51 52 266
367 308 428
213 281 326
365 360 334
16 17 174
395 442 117
508 395 117
286 108 335
72 133 344
308 310 428
97 313 400
166 292 521
256 304 305
190 273 456
362 50 229
107 77 471
123 388 309
232 464 513
403 210 336
521 292 228
277 397 135
124 431 394
399 406 350
316 152 201
210 287 131
316 277 135
370 506 170
431 337 394
77 107 488
380 291 443
179 193 230
386 281 373
434 308 170
240 295 110
379 140 197
455 434 170
522 380 443
441 138 407
386 399 350
197 140 176
133 72 237
439 303 328
261 349 227
474 270 310
105 126 465
514 474 310
259 295 240
476 207 200
105 333 276
78 79 184
65 66 321
215 98 258
85 86 205
385 362 229
372 340 294
70 277 278
277 70 318
112 249 443
359 482 197
238 420 165
401 238 165
522 299 498
207 251 200
299 120 498
141 523 368
95 432 151
355 518 468
372 265 163
518 189 468
156 317 110
231 464 359
48 49 378
466 510 452
124 347 203
112 291 459
314 181 478
94 196 445
310 270 428
337 431 255
526 477 392
232 382 209
287 222 131
489 458 244
102 412 271
37 38 100
107 323 488
67 68 444
107 268 453
268 107 471
523 259 368
56 102 271
133 397 344
143 494 234
494 317 234
136 441 407
88 89 454
432 363 151
98 412 258
265 261 491
347 512 390
435 347 390
52 53 257
23 24 329
248 158 194
61 62 236
446 248 194
78 184 471
288 157 217
60 525 384
299 522 104
196 94 451
148 109 418
74 75 492
307 205 352
259 262 295
370 457 506
118 178 421
178 486 421
331 275 117
5 6 454
262 259 424
506 455 170
134 146 453
83 262 424
344 397 318
223 94 235
115 202 260
238 446 327
23 329 121
268 134 453
94 34 235
245 450 91
431 476 147
279 309 300
273 437 396
309 181 300
504 330 110
450 290 91
54 55 98
373 281 433
361 389 417
437 251 207
476 431 207
124 437 207
494 141 368
431 124 207
364 41 182
123 386 350
403 134 287
108 286 101
406 399 284
80 489 244
198 175 336
458 489 473
410 213 511
388 123 438
175 403 336
167 401 163
388 314 478
510 223 224
399 164 284
329 480 121
71 72 344
250 285 264
41 42 182
29 30 325
286 273 396
141 494 127
517 223 235
35 517 235
275 508 117
85 205 307
525 267 384
365 334 354
440 343 186
464 231 459
198 440 186
317 494 240
343 495 186
395 508 236
343 518 218
374 439 328
447 172 356
253 162 192
513 464 206
72 73 237
464 232 359
404 175 509
86 87 114
313 525 96
411 133 505
308 434 310
457 371 306
125 356 327
226 460 305
108 253 192
525 60 96
334 435 354
267 525 487
527 307 352
339 214 468
136 495 218
525 97 487
362 385 375
267 410 511
495 343 218
174 298 241
355 174 241
15 16 214
87 88 293
319 328 505
285 179 264
437 502 396
496 245 91
167 332 484
401 167 484
62 395 236
77 78 471
211 32 445
297 160 381
440 198 336
89 5 454
88 346 293
214 355 468
76 77 488
69 278 296
412 98 271
425 108 101
48 378 416
55 56 271
328 188 505
335 108 192
492 75 481
378 301 416
213 410 433
167 166 521
108 425 312
385 266 199
266 158 199
382 476 200
268 184 405
184 458 405
425 360 312
425 101 475
470 362 375
59 60 384
26 27 419
382 164 209
82 83 424
184 268 471
451 348 242
92 183 506
183 455 506
32 33 445
169 139 182
345 389 132
401 165 163
382 232 283
349 345 227
164 382 200
165 372 163
232 209 408
154 513 206
470 358 274
379 275 472
30 31 289
74 492 113
358 524 274
495 136 407
178 526 392
278 490 296
486 178 392
524 288 448
395 63 254
202 233 260
442 395 254
429 499 145
292 466 415
247 292 415
348 462 491
247 358 228
345 349 294
45 46 320
101 502 475
114 149 422
496 279 300
410 212 433
261 493 242
58 59 129
18 173 243
173 298 243
425 435 334
360 425 334
159 521 228
380 522 498
129 280 387
363 432 449
275 331 472
250 436 285
152 413 201
389 345 417
429 457 306
435 425 475
507 515 260
233 507 260
489 141 473
103 104 119
398 111 127
421 198 186
111 141 127
97 410 487
456 388 438
410 267 487
248 401 484
406 190 456
196 211 445
196 493 500
493 116 500
205 86 114
211 196 500
346 88 454
189 225 393
41 364 402
223 517 224
304 330 305
39 40 130
330 504 305
482 408 151
497 249 239
146 377 282
426 497 239
6 346 454
321 66 483
352 226 324
4 69 296
109 322 282
111 398 131
22 23 121
413 321 483
222 111 131
337 367 221
364 139 479
367 520 221
457 92 506
391 426 239
389 383 246
122 226 352
161 250 393
34 35 235
358 159 228
160 316 135
20 21 187
434 514 310
8 220 168
40 41 402
139 364 182
172 420 356
58 129 387
47 48 416
70 71 318
367 370 170
69 70 278
436 153 285
177 171 452
282 322 338
171 90 452
25 26 106
360 106 419
13 14 230
497 103 119
10 11 501
212 519 449
263 39 130
114 87 293
353 398 195
189 393 264
213 144 511
393 250 264
257 215 194
272 115 246
480 329 354
7 8 168
458 184 244
308 367 170
184 79 244
205 122 352
146 282 338
253 108 312
417 345 294
364 369 402
231 112 459
292 247 228
288 217 448
11 461 501
208 411 180
461 304 501
357 470 375
411 188 180
301 274 341
174 17 243
298 174 243
398 127 195
140 126 176
274 524 341
126 140 465
329 365 354
330 153 156
153 436 156
126 112 176
502 437 203
437 124 203
50 51 229
75 76 481
60 61 96
408 95 151
68 4 296
298 173 155
385 357 375
17 18 243
79 80 244
444 490 201
84 85 307
63 64 254
188 411 505
347 435 475
109 404 418
178 118 469
160 208 381
158 257 194
143 161 195
499 93 145
73 74 113
349 372 294
491 261 242
441 298 155
231 197 176
232 513 283
504 295 324
429 150 499
66 67 483
57 58 387
118 183 469
347 502 203
516 496 91
504 226 305
502 347 475
514 441 155
527 352 324
51 266 229
390 512 463
266 385 229
480 390 463
331 140 472
383 272 246
267 129 384
206 464 459
112 231 176
291 206 459
140 331 465
477 526 145
317 240 110
391 105 276
190 406 284
141 111 473
140 379 472
220 122 422
482 359 408
436 143 234
309 388 478
98 55 271
226 504 324
356 420 327
346 149 293
130 40 402
390 480 354
311 57 387
280 311 387
463 512 221
183 92 469
520 463 221
526 351 145
333 152 276
420 238 327
150 429 306
152 297 276
325 30 289
209 95 408
414 335 192
406 456 438
181 309 478
369 130 402
513 467 283
133 237 505
67 444 483
237 319 505
286 396 101
426 381 99
444 413 483
217 315 448
409 148 418
497 426 99
168 220 422
512 394 221
394 337 221
104 522 119
150 154 499
256 10 501
351 429 145
132 389 246
115 132 246
295 504 110
149 114 293
338 322 128
129 59 384
297 391 276
415 466 452
90 415 452
171 177 366
485 171 366
413 444 201
392 409 509
486 392 509
71 344 318
348 491 242
149 168 422
212 373 433
359 232 408
443 249 119
522 443 119
381 208 99
93 477 145
430 100 366
100 485 366
323 481 488
494 368 240
368 259 240
180 103 99
208 180 99
249 497 119
103 497 99
156 436 234
317 156 234
340 417 294
409 418 509
418 404 509
106 26 419
123 350 438
396 502 101
481 76 488
341 524 448
315 341 448
435 390 354
353 210 131
398 353 131
323 338 128
237 73 113
319 237 113
350 406 438
304 256 501