61 52 62
8 34 54
26 27 53
8 9 34
53 27 32
18 56 55
6 53 32
34 57 54
6 7 53
18 19 56
42 14 63
60 33 46
52 61 43
33 60 50
33 29 31
56 37 55
29 10 31
29 33 50
15 3 16
10 29 45
49 22 30
1 5 28
52 49 30
2 14 42
11 12 48
57 53 54
44 42 63
26 53 35
15 16 63
53 7 54
53 57 35
56 19 46
57 62 40
62 24 40
48 33 31
61 62 51
24 62 38
19 20 46
62 52 38
57 34 51
34 9 45
62 57 51
33 56 46
11 48 31
10 11 31
37 48 58
5 6 32
48 12 58
21 22 49
13 2 42
27 28 32
33 48 36
55 44 47
25 26 35
24 25 40
48 37 36
17 18 55
35 57 40
17 55 47
28 5 32
37 56 36
7 8 54
56 33 36
13 42 58
9 10 45
63 16 47
44 55 41
22 4 30
58 42 41
14 15 63
12 13 58
23 24 38
38 52 30
23 38 30
55 37 41
4 23 30
51 34 39
16 17 47
50 60 43
61 50 43
20 21 59
46 20 59
60 46 59
61 51 39
49 52 43
21 49 59
49 60 59
50 61 39
25 35 40
29 50 39
34 45 39
45 29 39
60 49 43
37 58 41
42 44 41
44 63 47