152 205 241
205 232 241
67 160 156
207 107 89
228 197 212
134 84 192
112 142 115
37 38 115
205 152 168
123 67 156
110 125 195
197 228 183
232 205 65
37 115 201
207 25 155
123 173 67
173 123 118
181 164 225
96 112 101
240 90 89
90 207 89
132 164 179
164 181 179
100 145 196
178 98 116
79 90 109
127 79 109
247 116 215
143 247 215
107 207 155
125 110 126
104 250 163
110 136 126
195 125 85
104 158 250
90 240 216
110 87 133
171 134 192
142 112 217
181 225 208
145 221 196
164 87 225
84 134 120
145 100 111
164 132 80
87 110 195
42 43 229
174 96 101
117 73 210
54 55 165
30 31 235
129 127 109
73 93 210
198 129 109
84 66 192
239 62 236
112 96 217
62 239 102
165 55 114
233 127 141
127 75 141
128 74 188
171 87 88
239 58 78
87 171 130
134 171 113
178 83 98
58 239 236
10 11 66
247 143 144
136 110 203
143 123 144
87 164 133
247 144 182
139 147 111
144 99 182
29 30 235
96 70 217
173 128 188
71 209 64
10 66 231
115 71 201
98 199 116
229 99 156
219 103 204
245 165 114
229 43 166
124 182 163
244 227 98
147 139 137
163 182 77
70 96 184
24 25 207
30 3 31
1 5 60
160 229 156
99 229 166
183 219 204
81 84 120
92 27 187
135 212 95
212 197 95
143 219 118
174 41 186
123 143 118
109 90 216
219 143 215
235 31 68
74 128 149
66 84 231
93 95 105
132 227 80
166 72 77
157 91 251
40 41 174
62 81 120
34 35 63
213 151 251
110 133 203
207 90 226
213 251 206
219 128 118
128 173 118
31 32 68
90 79 226
229 160 186
224 93 105
42 229 186
228 128 183
128 219 183
209 198 64
65 169 222
128 228 149
98 227 246
171 192 130
72 166 177
160 174 186
151 157 251
205 63 65
99 144 156
87 195 88
115 142 167
65 119 169
240 89 222
71 64 180
26 27 92
34 63 242
20 138 196
165 97 191
198 216 169
18 19 221
64 198 169
53 223 131
63 205 242
86 92 187
198 209 238
129 198 238
29 235 82
225 87 130
92 86 218
103 219 215
107 92 218
250 124 163
97 165 113
106 66 148
16 17 108
230 12 211
52 53 131
63 119 65
7 102 94
75 127 153
139 111 200
62 202 236
25 2 155
66 106 192
32 33 168
172 120 140
99 166 77
81 62 102
102 239 94
165 245 140
23 79 233
209 71 167
119 63 194
12 13 211
142 209 167
13 14 249
8 9 81
235 152 82
56 57 202
138 100 196
51 52 61
158 48 189
139 129 176
97 223 191
209 142 234
228 212 175
48 158 150
127 129 153
154 221 190
46 159 220
129 139 153
151 158 189
230 106 148
2 26 155
54 165 191
227 132 185
116 199 215
158 151 250
220 104 163
43 44 166
83 136 203
73 117 162
69 119 194
89 232 222
72 220 163
93 108 95
120 134 140
108 135 95
71 115 167
22 23 233
158 104 150
18 221 154
212 145 175
5 6 214
108 17 154
112 115 193
108 93 73
16 108 73
115 38 193
32 168 68
91 157 122
84 81 231
202 245 114
133 244 203
26 92 155
66 11 148
135 108 154
213 178 170
124 213 170
227 244 80
45 46 220
59 60 214
227 243 246
152 235 68
113 171 88
79 23 226
243 227 185
7 8 102
135 154 190
223 53 191
57 58 236
182 124 170
12 230 148
247 182 170
159 104 220
192 106 130
46 4 159
58 59 78
81 9 231
4 47 159
19 20 196
243 103 246
103 199 246
28 29 82
36 69 194
56 202 114
138 21 141
91 126 251
126 136 251
144 123 156
35 36 194
79 127 233
60 5 214
49 50 157
86 241 218
75 138 141
48 49 189
97 113 88
103 243 204
39 101 193
91 61 126
61 125 126
83 244 98
63 35 194
136 83 206
83 178 206
166 44 177
241 232 218
11 12 148
67 173 184
53 54 191
113 165 140
15 16 73
181 249 179
249 117 179
24 207 226
47 48 150
69 36 201
23 24 226
89 107 218
101 112 193
40 174 101
223 125 131
111 100 200
181 230 211
36 37 201
232 89 218
8 81 102
39 40 101
61 52 131
223 97 85
106 230 208
95 197 105
245 172 140
28 82 187
13 249 211
20 21 138
151 213 250
202 57 236
245 202 172
213 124 250
225 106 208
96 67 184
97 195 85
78 214 94
170 178 116
197 183 204
157 50 122
247 170 116
214 6 94
125 223 85
199 98 246
221 19 196
92 107 155
230 181 208
15 73 162
74 237 188
237 70 188
221 145 190
106 225 130
157 151 189
72 163 77
96 174 121
174 160 121
93 224 210
195 97 88
199 103 215
71 69 201
243 224 105
198 109 216
237 146 76
168 152 68
132 179 210
179 117 210
27 28 187
169 240 222
146 234 76
119 69 180
117 249 162
249 14 162
178 213 206
145 111 175
111 147 175
41 42 186
38 39 193
17 18 154
244 83 203
202 62 172
146 237 161
69 71 180
137 146 161
75 153 200
153 139 200
249 181 211
146 238 234
64 119 180
238 209 234
6 7 94
224 132 210
33 34 242
21 22 141
51 61 122
44 45 177
212 135 190
145 212 190
61 91 122
9 10 231
55 56 114
125 61 131
14 15 162
50 51 122
224 243 185
137 139 176
205 168 242
251 136 206
119 64 169
159 47 150
244 133 80
216 240 169
104 159 150
204 243 105
168 33 242
232 65 222
187 82 248
220 72 177
45 220 177
241 86 248
67 96 121
160 67 121
132 224 185
182 99 77
152 241 248
133 164 80
149 147 161
59 214 78
197 204 105
217 70 76
142 217 76
129 238 176
238 146 176
134 113 140
62 120 172
49 157 189
188 70 184
74 149 161
82 152 248
22 233 141
239 78 94
138 75 200
100 138 200
175 147 149
237 74 161
147 137 161
70 237 76
146 137 176
234 142 76
228 175 149
86 187 248
173 188 184