           185           383           314           528           529           530
           265           166           163           531           532           533
           369           157           130           534           535           536
           166           265           462           531           537           538
           316           490           277           539           540           541
           462           265           491           537           542           543
            46            47           252           544           545           546
            14            15           339           547           548           549
           342            31           211           550           551           552
           166           167           163           553           554           532
           198           486           175           555           556           557
           279           281           123           558           559           560
           185           503           286           561           562           563
           125           412           450           564           565           566
           245           125           450           567           566           568
           303           302           299           569           570           571
           138           514           434           572           573           574
           455           138           434           575           574           576
           159           332           521           577           578           579
            21            22           137           580           581           582
           374           319           492           583           584           585
           388           503           314           586           587           588
           447           245           496           589           590           591
           503           185           314           561           530           587
           397           208           160           592           593           594
           154           380           499           595           596           597
             2            37           430           598           599           600
           138           455           183           575           601           602
           118           138           183           603           602           604
           462           348           510           605           606           607
           383           185           272           528           608           609
           466           462           510           610           607           611
           514           138           441           572           612           613
           107           146           338           614           615           616
           482           363           191           617           618           619
           379           482           191           620           619           621
           210           427           440           622           623           624
           115           414           202           625           626           627
           138           118           407           603           628           629
           414           162           202           630           631           626
           447           181           216           632           633           634
            36             2           430           635           600           636
           361           447           216           637           634           638
           332           159           357           577           639           640
           147           476           283           641           642           643
           159           470           357           644           645           639
           134           405           287           646           647           648
           412           102           450           649           650           565
           102           290           450           651           652           650
           467           147           283           653           643           654
           380            93           499           655           656           596
           518           241           218           657           658           659
           204           363           519           660           661           662
           461           153           330           663           664           665
           524           247           288           666           667           668
           137           480           463           669           670           671
           493           261           227           672           673           674
           470           159           358           644           675           676
           323           107           338           677           616           678
            14           339           230           549           679           680
           405           222           287           681           682           647
           486           198           421           555           683           684
           520           137           463           685           671           686
           346             7           168           687           688           689
           430            37           100           599           690           691
           447           496           300           591           692           693
           147           467           306           653           694           695
            28            29           376           696           697           698
           157           263           130           699           700           535
           376           233           202           701           702           703
           162           376           202           704           703           631
            52           257           266           705           706           707
           315           369           479           708           709           710
           219           331           117           711           712           713
           223           510           451           714           715           716
           252           301           341           717           718           719
           363           204           191           660           720           618
           204           508           275           721           722           723
           164           251           284           724           725           726
           265           372           349           727           728           729
           315           252           341           730           719           731
           371           147           306           732           695           733
           261           265           349           734           729           735
           304           461           330           736           665           737
           378           470           274           738           739           740
           442           219           117           741           713           742
           252            47           416           545           743           744
           251           190           284           745           746           725
           492           323           128           747           748           749
           247           524           358           666           750           751
           303           103           180           752           753           754
           120            93           498           755           756           757
            21           137           187           582           758           759
           351           526           469           760           761           762
           188           303           180           763           754           764
            53            54           215           765           766           767
           210           440           336           624           768           769
           485            38           263           770           771           772
           458           111           405           773           774           775
           139           252           479           776           777           778
           116           493           227           779           674           780
           362           470           378           781           738           782
           149           346           168           783           689           784
           518           355           241           785           786           657
           199           248           484           787           788           789
           196           451           242           790           791           792
           241           136           218           793           794           658
            64            65           269           795           796           797
           369           315           217           708           798           799
           134           268           405           800           801           646
           377           403           175           802           803           804
           157           369           217           534           799           805
           404           377           175           806           804           807
           333           321           152           808           809           810
           323           492           481           747           811           812
           510           177           452           813           814           815
           493           196           242           816           792           817
           363           482           151           617           818           819
           495           118           421           820           821           822
           252           315           479           730           710           777
           432           373           449           823           824           825
           177           510           224           813           826           827
            31            32           211           828           829           551
           281           386           123           830           831           559
           321           413           152           832           833           809
           116           342           500           834           835           836
           273           251           437           837           838           839
           503           273           286           840           841           562
           185           286           335           563           842           843
           332           199           484           844           789           845
            36           430           517           636           846           847
           126           105           391           848           849           850
           322           302           439           851           852           853
           339           179           230           854           855           679
           313            97           525           856           857           858
           225           343           440           859           860           861
           370           371           457           862           863           864
           427           225           440           865           861           623
           208           397           411           592           866           867
           345           515           227           868           869           870
           322           439           128           853           871           872
           515           116           227           873           780           869
           508           204           400           721           874           875
            64           269           254           797           876           877
           319           374           328           583           878           879
           342           233           289           880           881           882
           439           374           128           883           884           871
           279           123           309           560           885           886
           120           409           477           887           888           889
           142            27           423           890           891           892
           301           252           416           717           744           893
           247            90           288           894           895           667
           143           250           161           896           897           898
           280           267           511           899           900           901
           380           154           206           595           902           903
           157           485           263           904           772           699
           302           322           109           851           905           906
           111           222           405           907           681           774
            28           376           423           698           908           909
           389           361           216           910           638           911
           137           270           187           912           913           758
           383           389           216           914           911           915
           485           157           171           904           916           917
           316           297           152           918           919           920
           510           348           451           606           921           715
            38           485           100           770           922           923
           257           158           266           924           925           706
           250           143           436           896           926           927
           303           188           328           763           928           929
           103           303           104           752           930           931
           482           379           197           620           932           933
           251           164           200           724           934           935
           526           178           469           936           937           761
           137           520           428           685           938           939
           122           114           422           940           941           942
           122           205           114           943           944           940
           270           137           428           912           939           945
           476           382           283           946           947           642
           516           290           144           948           949           950
           290           280           144           951           952           949
           297           316           160           918           953           954
            81            82           523           955           956           957
           179           339           264           854           958           959
           339           189           264           960           961           958
           252           139           320           776           962           963
           495           421           186           822           964           965
           347           124           394           966           967           968
           457           429           351           969           970           971
           432           386           373           972           973           823
           399            95           209           974           975           976
           360           142           312           977           978           979
            92           457           351           980           971           981
           410            97           519           982           983           984
           164           399           209           985           976           986
            90           157           288           987           988           895
           212           410           519           989           984           990
           397           160           135           594           991           992
           251           273           190           837           993           745
             9           460           220           994           995           996
            92           351           469           981           762           997
           460             9           256           994           998           999
           146           107           453           614          1000          1001
           371           370           255           862          1002          1003
           467           513           150          1004          1005          1006
           513           154           150          1007          1008          1005
           303           299           104           571          1009           930
           280           290           311           951          1010          1011
            33            34            94          1012          1013          1014
           477           409           392           888          1015          1016
            46           252           320           546           963          1017
            93           120           477           755           889          1018
           516           144           326           950          1019          1020
            83            84           262          1021          1022          1023
           144           213           326          1024          1025          1019
             6             7           346          1026           687          1027
           332           167           521          1028          1029           578
           224           430           366          1030          1031          1032
           158           248           199          1033           787          1034
           480           137           121           669          1035          1036
           262            84           307          1022          1037          1038
           302           303           439           569          1039           852
           142           162           253          1040          1041          1042
           342           116           507           834          1043          1044
           233           342           507           880          1044          1045
           333           105           219          1046          1047          1048
            81           523           489           957          1049          1050
            31           342           289           550           882          1051
            24            25           365          1052          1053          1054
           492           319           113           584          1055          1056
           516           279           496          1057          1058          1059
           279           516           326          1057          1020          1060
           519           363           449           661          1061          1062
           512           347           394          1063           968          1064
           225           427           393           865          1065          1066
           215            54            98           766          1067          1068
           297           426           391          1069          1070          1071
           427           161           393          1072          1073          1065
            93           380           498           655          1074           756
           269           442           254          1075          1076           876
           426           297           381          1069          1077          1078
           162           142           423          1040           892          1079
            19            20           474          1080          1081          1082
           267           280           129           899          1083          1084
           102            56           311          1085          1086          1087
           137            22           121           581          1088          1035
            95           399           432           974          1089          1090
           120           299           148          1091          1092          1093
           467           150           306          1006          1094           694
           299           302           148           570          1095          1092
           269           333           219          1096          1048          1097
           414           185           335          1098           843          1099
           273           503           456           840          1100          1101
             1             5            89          1102          1103          1104
           431           371           255          1105          1003          1106
           126           391           239           850          1107          1108
           523           141           489          1109          1110          1049
           105           331           219          1111           711          1047
           290           516            91           948          1112          1113
           193           153           461          1114           663          1115
           262           527           295          1116          1117          1118
           474           514           173          1119          1120          1121
           333           269           321          1096          1122           808
           490           316           201           539          1123          1124
            90           247           415           894          1125          1126
           339            15           214           548          1127          1128
           414           115           272           625          1129          1130
           169            45           320          1131          1132          1133
           373           212           449          1134          1135           824
            16           174           214          1136          1137          1138
           494           143           127          1139          1140          1141
           371           431           147          1105          1142           732
           189           518           225          1143          1144          1145
           189           339           468           960          1146          1147
           518           343           225          1148           859          1144
           157            90           171           987          1149           916
           517           430           224           846          1030          1150
           399           386           432          1151           972          1089
           377           404           282           806          1152          1153
           111           458           473           773          1154          1155
           162           414           192           630          1156          1157
           301           378           274          1158           740          1159
            49            50           362          1160          1161          1162
            42            43           169          1163          1164          1165
            12            13           193          1166          1167          1168
            43            44           169          1169          1170          1164
           474            20           187          1081          1171          1172
           185           414           272          1098          1130           608
           404           109           282          1173          1174          1152
           444            68           296          1175          1176          1177
           460           122           220          1178          1179           995
            94           223           451          1180           716          1181
           122           460           226          1178          1182          1183
           269            65           321           796          1184          1122
            43             3            44          1185          1186          1169
           420           340           165          1187          1188          1189
           291           112           443          1190          1191          1192
           181           314           216          1193          1194           633
            53           215           257           767          1195          1196
           340           372           165          1197          1198          1188
           125           245           356           567          1199          1200
           515           115           260          1201          1202          1203
             9            10           256          1204          1205           998
           527           262           307          1116          1038          1206
           134           403           377          1207           802          1208
           277           490           278           540          1209          1210
            27           142           419           890          1211          1212
           376           162           423           704          1079           908
           142           360           419           977          1213          1211
           115           515           132          1201          1214          1215
            44            45           169          1216          1131          1170
           313            61           236          1217          1218          1219
           515           345           132           868          1220          1214
           245           447           356           589          1221          1199
            19           474           173          1082          1121          1222
           146           134           377          1223          1208          1224
           116           515           507           873          1225          1043
           331           105           465          1111          1226          1227
           442           269           219          1075          1097           741
           427           210           353           622          1228          1229
           369           364           479          1230          1231           709
           118           495           407           820          1232           628
            12           193           461          1168          1115          1233
           314           383           216           529           915          1194
            56            57           311          1234          1235          1086
           397           277           318          1236          1237          1238
           281           213           433          1239          1240          1241
            33            94           445          1014          1242          1243
           281           279           326           558          1060          1244
           503           388           456           586          1245          1100
           374           492           128           585           749           884
           446           215           258          1246          1247          1248
           144           280           511           952           901          1249
           342           211           500           552          1250           835
           215           446           194          1246          1251          1252
           490           444           296          1253          1177          1254
           447           361           172           637          1255          1256
           330           156           110          1257          1258          1259
           446           125           327          1260          1261          1262
           112           126           239          1263          1108          1264
           233           325           289          1265          1266           881
           360           365           106          1267          1268          1269
           142           253           312          1042          1270           978
           249           112           239          1271          1264          1272
            27            28           423          1273           909           891
           177           224           366           827          1032          1274
           376            29           325           697          1275          1276
           175           486           509           556          1277          1278
           173           514           155          1120          1279          1280
            38            39           263          1281          1282           771
           508           313           236          1283          1219          1284
           259           523           424          1285          1286          1287
           233           376           325           701          1276          1265
             8             9           220          1288           996          1289
           127           143           195          1140          1290          1291
           270           474           187          1292          1172           913
           248           446           238          1293          1294          1295
           523            82           424           956          1296          1286
            49           362           378          1162           782          1297
           519            97           400           983          1298          1299
           412           125           258           564          1300          1301
           401           248           238          1302          1295          1303
           397           133           411          1304          1305           866
           125           446           258          1260          1248          1300
           204           519           400           662          1299           874
            61           313            96          1217          1306          1307
           210           403           287          1308          1309          1310
            35            36           517          1311           847          1312
           292           166           462          1313           538          1314
           298           441           241          1315          1316          1317
           441           136           241          1318           793          1316
           275           379           191          1319           621          1320
           193            13           230          1167          1321          1322
           466           292           462          1323          1314           610
           295           527           324          1117          1324          1325
           460           256           305           999          1326          1327
           161           353           195          1328          1329          1330
           174           355           214          1331          1332          1137
           204           275           191           723          1320           720
           361           340           172          1333          1334          1255
           340           420           172          1187          1335          1334
           290           102           311           651          1087          1010
            24           365           329          1054          1336          1337
           139           169           320          1338          1133           962
            18            19           173          1339          1222          1340
           340           361           417          1333          1341          1342
           161           427           353          1072          1229          1328
            62            63           395          1343          1344          1345
           181           447           300           632           693          1346
           193           179           285          1347          1348          1349
           291           380           206          1350           903          1351
           153           193           285          1114          1349          1352
           370           367           255          1353          1354          1002
           409           120           148           887          1093          1355
           367           337           255          1356          1357          1354
           357           385           199          1358          1359          1360
            80            81           489          1361          1050          1362
            11            12           461          1363          1233          1364
           365            25           106          1053          1365          1268
           313           508           400          1283           875          1366
           332           357           199           640          1360           844
           302           109           148           906          1367          1095
            42           169           182          1165          1368          1369
           231           359           197          1370          1371          1372
           520           367           428          1373          1374           938
            51            52           266          1375           707          1376
           367           308           428          1377          1378          1374
           213           281           326          1239          1244          1025
           365           360           334          1267          1379          1380
            16            17           174          1381          1382          1136
           395           442           117          1383           742          1384
           508           395           117          1385          1384          1386
           286           108           335          1387          1388           842
            72           133           344          1389          1390          1391
           308           310           428          1392          1393          1378
            97           313           400           856          1366          1298
           166           292           521          1313          1394          1395
           256           304           305          1396          1397          1326
           190           273           456           993          1101          1398
           362            50           229          1161          1399          1400
           107            77           471          1401          1402          1403
           123           388           309          1404          1405           885
           232           464           513          1406          1407          1408
           403           210           336          1308           769          1409
           521           292           228          1394          1410          1411
           277           397           135          1236           992          1412
           124           431           394          1413          1414           967
           399           406           350          1415          1416          1417
           316           152           201           920          1418          1123
           210           287           131          1310          1419          1420
           316           277           135           541          1412          1421
           370           506           170          1422          1423          1424
           431           337           394          1425          1426          1414
            77           107           488          1401          1427          1428
           380           291           443          1350          1192          1429
           179           193           230          1347          1322           855
           386           281           373           830          1430           973
           434           308           170          1431          1432          1433
           240           295           110          1434          1435          1436
           379           140           197          1437          1438           932
           455           434           170           576          1433          1439
           522           380           443          1440          1429          1441
           441           138           407           612           629          1442
           386           399           350          1151          1417          1443
           197           140           176          1438          1444          1445
           133            72           237          1389          1446          1447
           439           303           328          1039           929          1448
           261           349           227           735          1449           673
           474           270           310          1292          1450          1451
           105           126           465           848          1452          1226
           514           474           310          1119          1451          1453
           259           295           240          1454          1434          1455
           476           207           200          1456          1457          1458
           105           333           276          1046          1459          1460
            78            79           184          1461          1462          1463
            65            66           321          1464          1465          1184
           215            98           258          1068          1466          1247
            85            86           205          1467          1468          1469
           385           362           229          1470          1400          1471
           372           340           294          1197          1472          1473
            70           277           278          1474          1210          1475
           277            70           318          1474          1476          1237
           112           249           443          1271          1477          1191
           359           482           197          1478           933          1371
           238           420           165          1479          1189          1480
           401           238           165          1303          1480          1481
           522           299           498          1482          1483          1484
           207           251           200          1485           935          1457
           299           120           498          1091           757          1483
           141           523           368          1109          1486          1487
            95           432           151          1090          1488          1489
           355           518           468           785          1490          1491
           372           265           163           727           533          1492
           518           189           468          1143          1147          1490
           156           317           110          1493          1494          1258
           231           464           359          1495          1496          1370
            48            49           378          1497          1297          1498
           466           510           452           611           815          1499
           124           347           203           966          1500          1501
           112           291           459          1190          1502          1503
           314           181           478          1193          1504          1505
            94           196           445          1506          1507          1242
           310           270           428          1450           945          1393
           337           431           255          1425          1106          1357
           526           477           392          1508          1016          1509
           232           382           209          1510          1511          1512
           287           222           131           682          1513          1419
           489           458           244          1514          1515          1516
           102           412           271           649          1517          1518
            37            38           100          1519           923           690
           107           323           488           677          1520          1427
            67            68           444          1521          1175          1522
           107           268           453          1523          1524          1000
           268           107           471          1523          1403          1525
           523           259           368          1285          1526          1486
            56           102           271          1085          1518          1527
           133           397           344          1304          1528          1390
           143           494           234          1139          1529          1530
           494           317           234          1531          1532          1529
           136           441           407          1318          1442          1533
            88            89           454          1534          1535          1536
           432           363           151          1537           819          1488
            98           412           258          1538          1301          1466
           265           261           491           734          1539           542
           347           512           390          1063          1540          1541
           435           347           390          1542          1541          1543
            52            53           257          1544          1196           705
            23            24           329          1545          1337          1546
           248           158           194          1033          1547          1548
            61            62           236          1549          1550          1218
           446           248           194          1293          1548          1251
            78           184           471          1463          1551          1552
           288           157           217           988           805          1553
            60           525           384          1554          1555          1556
           299           522           104          1482          1557          1009
           196            94           451          1506          1181           790
           148           109           418          1367          1558          1559
            74            75           492          1560          1561          1562
           307           205           352          1563          1564          1565
           259           262           295          1566          1118          1454
           370           457           506           864          1567          1422
           118           178           421          1568          1569           821
           178           486           421          1570           684          1569
           331           275           117          1571          1572           712
             5             6           454          1573          1574          1575
           262           259           424          1566          1287          1576
           506           455           170          1577          1439          1423
           134           146           453          1223          1001          1578
            83           262           424          1023          1576          1579
           344           397           318          1528          1238          1580
           223            94           235          1180          1581          1582
           115           202           260           627          1583          1202
           238           446           327          1294          1262          1584
            23           329           121          1546          1585          1586
           268           134           453           800          1578          1524
            94            34           235          1013          1587          1581
           245           450            91           568          1588          1589
           431           476           147          1590           641          1142
           279           309           300           886          1591          1592
           273           437           396           839          1593          1594
           309           181           300          1595          1346          1591
           504           330           110          1596          1259          1597
           450           290            91           652          1113          1588
            54            55            98          1598          1599          1067
           373           281           433          1430          1241          1600
           361           389           417           910          1601          1341
           437           251           207           838          1485          1602
           476           431           207          1590          1603          1456
           124           437           207          1604          1602          1605
           494           141           368          1606          1487          1607
           431           124           207          1413          1605          1603
           364            41           182          1608          1609          1610
           123           386           350           831          1443          1611
           403           134           287          1207           648          1309
           108           286           101          1387          1612          1613
           406           399           284          1415          1614          1615
            80           489           244          1362          1516          1616
           198           175           336           557          1617          1618
           458           489           473          1514          1619          1154
           410           213           511          1620          1621          1622
           388           123           438          1404          1623          1624
           175           403           336           803          1409          1617
           167           401           163          1625          1626           554
           388           314           478           588          1505          1627
           510           223           224           714          1628           826
           399           164           284           985           726          1614
           329           480           121          1629          1036          1585
            71            72           344          1630          1391          1631
           250           285           264          1632          1633          1634
            41            42           182          1635          1369          1609
            29            30           325          1636          1637          1275
           286           273           396           841          1594          1638
           141           494           127          1606          1141          1639
           517           223           235          1640          1582          1641
            35           517           235          1312          1641          1642
           275           508           117           722          1386          1572
            85           205           307          1469          1563          1643
           525           267           384          1644          1645          1555
           365           334           354          1380          1646          1647
           440           343           186           860          1648          1649
           464           231           459          1495          1650          1651
           198           440           186          1652          1649          1653
           317           494           240          1531          1654          1655
           343           495           186          1656           965          1648
           395           508           236          1385          1284          1657
           343           518           218          1148           659          1658
           374           439           328           883          1448           878
           447           172           356          1256          1659          1221
           253           162           192          1041          1157          1660
           513           464           206          1407          1661          1662
            72            73           237          1663          1664          1446
           464           232           359          1406          1665          1496
           404           175           509           807          1278          1666
            86            87           114          1667          1668          1669
           313           525            96           858          1670          1306
           411           133           505          1305          1671          1672
           308           434           310          1431          1673          1392
           457           371           306           863           733          1674
           125           356           327          1200          1675          1261
           226           460           305          1182          1327          1676
           108           253           192          1677          1660          1678
           525            60            96          1554          1679          1670
           334           435           354          1680          1681          1646
           267           525           487          1644          1682          1683
           527           307           352          1206          1565          1684
           339           214           468          1128          1685          1146
           136           495           218          1686          1687           794
           525            97           487           857          1688          1682
           362           385           375          1470          1689          1690
           267           410           511          1691          1622           900
           495           343           218          1656          1658          1687
           174           298           241          1692          1317          1693
           355           174           241          1331          1693           786
            15            16           214          1694          1138          1127
            87            88           293          1695          1696          1697
           319           328           505           879          1698          1699
           285           179           264          1348           959          1633
           437           502           396          1700          1701          1593
           496           245            91           590          1589          1702
           167           332           484          1028           845          1703
           401           167           484          1625          1703          1704
            62           395           236          1345          1657          1550
            77            78           471          1705          1552          1402
           211            32           445           829          1706          1707
           297           160           381           954          1708          1077
           440           198           336          1652          1618           768
            89             5           454          1103          1575          1535
            88           346           293          1709          1710          1696
           214           355           468          1332          1491          1685
            76            77           488          1711          1428          1712
            69           278           296          1713          1714          1715
           412            98           271          1538          1716          1517
           425           108           101          1717          1613          1718
            48           378           416          1498          1719          1720
            55            56           271          1721          1527          1722
           328           188           505           928          1723          1698
           335           108           192          1388          1678          1724
           492            75           481          1561          1725           811
           378           301           416          1158           893          1719
           213           410           433          1620          1726          1240
           167           166           521           553          1395          1029
           108           425           312          1717          1727          1728
           385           266           199          1729          1730          1359
           266           158           199           925          1034          1730
           382           476           200           946          1458          1731
           268           184           405          1732          1733           801
           184           458           405          1734           775          1733
           425           360           312          1735           979          1727
           425           101           475          1718          1736          1737
           470           362           375           781          1690          1738
            59            60           384          1739          1556          1740
            26            27           419          1741          1212          1742
           382           164           209          1743           986          1511
            82            83           424          1744          1579          1296
           184           268           471          1732          1525          1551
           451           348           242           921          1745           791
            92           183           506          1746          1747          1748
           183           455           506           601          1577          1747
            32            33           445          1749          1243          1706
           169           139           182          1338          1750          1368
           345           389           132          1751          1752          1220
           401           165           163          1481          1753          1626
           382           232           283          1510          1754           947
           349           345           227          1755           870          1449
           164           382           200          1743          1731           934
           165           372           163          1198          1492          1753
           232           209           408          1512          1756          1757
           154           513           206          1007          1662           902
           470           358           274           676          1758           739
           379           275           472          1319          1759          1760
            30            31           289          1761          1051          1762
            74           492           113          1562          1056          1763
           358           524           274           750          1764          1758
           495           136           407          1686          1533          1232
           178           526           392           936          1509          1765
           278           490           296          1209          1254          1714
           486           178           392          1570          1765          1766
           524           288           448           668          1767          1768
           395            63           254          1344          1769          1770
           202           233           260           702          1771          1583
           442           395           254          1383          1770          1076
           429           499           145          1772          1773          1774
           292           466           415          1323          1775          1776
           247           292           415          1777          1776          1125
           348           462           491           605           543          1778
           247           358           228           751          1779          1780
           345           349           294          1755          1781          1782
            45            46           320          1783          1017          1132
           101           502           475          1784          1785          1736
           114           149           422          1786          1787           941
           496           279           300          1058          1592           692
           410           212           433           989          1788          1726
           261           493           242           672           817          1789
            58            59           129          1790          1791          1792
            18           173           243          1340          1793          1794
           173           298           243          1795          1796          1793
           425           435           334          1797          1680          1798
           360           425           334          1735          1798          1379
           159           521           228           579          1411          1799
           380           522           498          1440          1484          1074
           129           280           387          1083          1800          1801
           363           432           449          1537           825          1061
           275           331           472          1571          1802          1759
           250           436           285           927          1803          1632
           152           413           201           833          1804          1418
           389           345           417          1751          1805          1601
           429           457           306           969          1674          1806
           435           425           475          1797          1737          1807
           507           515           260          1225          1203          1808
           233           507           260          1045          1808          1771
           489           141           473          1110          1809          1619
           103           104           119           931          1810          1811
           398           111           127          1812          1813          1814
           421           198           186           683          1653           964
           111           141           127          1815          1639          1813
            97           410           487           982          1816          1688
           456           388           438          1245          1624          1817
           410           267           487          1691          1683          1816
           248           401           484          1302          1704           788
           406           190           456          1818          1398          1819
           196           211           445          1820          1707          1507
           196           493           500           816          1821          1822
           493           116           500           779           836          1821
           205            86           114          1468          1669           944
           211           196           500          1820          1822          1250
           346            88           454          1709          1536          1823
           189           225           393          1145          1066          1824
            41           364           402          1608          1825          1826
           223           517           224          1640          1150          1628
           304           330           305           737          1827          1397
            39            40           130          1828          1829          1830
           330           504           305          1596          1831          1827
           482           408           151          1832          1833           818
           497           249           239          1834          1272          1835
           146           377           282          1224          1153          1836
           426           497           239          1837          1835          1838
             6           346           454          1027          1823          1574
           321            66           483          1465          1839          1840
           352           226           324          1841          1842          1843
             4            69           296          1844          1715          1845
           109           322           282           905          1846          1174
           111           398           131          1812          1847          1848
            22            23           121          1849          1586          1088
           413           321           483           832          1840          1850
           222           111           131           907          1848          1513
           337           367           221          1356          1851          1852
           364           139           479          1853           778          1231
           367           520           221          1373          1854          1851
           457            92           506           980          1748          1567
           391           426           239          1070          1838          1107
           389           383           246           914          1855          1856
           122           226           352          1183          1841          1857
           161           250           393           897          1858          1073
            34            35           235          1859          1642          1587
           358           159           228           675          1799          1779
           160           316           135           953          1421           991
            20            21           187          1860           759          1171
           434           514           310           573          1453          1673
             8           220           168          1289          1861          1862
            40            41           402          1863          1826          1864
           139           364           182          1853          1610          1750
           172           420           356          1335          1865          1659
            58           129           387          1792          1801          1866
            47            48           416          1867          1720           743
            70            71           318          1868          1869          1476
           367           370           170          1353          1424          1870
            69            70           278          1871          1475          1713
           436           153           285          1872          1352          1803
           177           171           452          1873          1874           814
           282           322           338          1846          1875          1876
           171            90           452          1149          1877          1874
            25            26           106          1878          1879          1365
           360           106           419          1269          1880          1213
            13            14           230          1881           680          1321
           497           103           119          1882          1811          1883
            10            11           501          1884          1885          1886
           212           519           449           990          1062          1135
           263            39           130          1282          1830           700
           114            87           293          1668          1697          1887
           353           398           195          1888          1889          1329
           189           393           264          1824          1890           961
           213           144           511          1024          1249          1621
           393           250           264          1858          1634          1890
           257           215           194          1195          1252          1891
           272           115           246          1129          1892          1893
           480           329           354          1629          1894          1895
             7             8           168          1896          1862           688
           458           184           244          1734          1897          1515
           308           367           170          1377          1870          1432
           184            79           244          1462          1898          1897
           205           122           352           943          1857          1564
           146           282           338          1836          1876           615
           253           108           312          1677          1728          1270
           417           345           294          1805          1782          1899
           364           369           402          1230          1900          1825
           231           112           459          1901          1503          1650
           292           247           228          1777          1780          1410
           288           217           448          1553          1902          1767
            11           461           501          1364          1903          1885
           208           411           180           867          1904          1905
           461           304           501           736          1906          1903
           357           470           375           645          1738          1907
           411           188           180          1908           764          1904
           301           274           341          1159          1909           718
           174            17           243          1382          1910          1911
           298           174           243          1692          1911          1796
           398           127           195          1814          1291          1889
           140           126           176          1912          1913          1444
           274           524           341          1764          1914          1909
           126           140           465          1912          1915          1452
           329           365           354          1336          1647          1894
           330           153           156           664          1916          1257
           153           436           156          1872          1917          1916
           126           112           176          1263          1918          1913
           502           437           203          1700          1919          1920
           437           124           203          1604          1501          1919
            50            51           229          1921          1922          1399
            75            76           481          1923          1924          1725
            60            61            96          1925          1307          1679
           408            95           151          1926          1489          1833
            68             4           296          1927          1845          1176
           298           173           155          1795          1280          1928
           385           357           375          1358          1907          1689
            17            18           243          1929          1794          1910
            79            80           244          1930          1616          1898
           444           490           201          1253          1124          1931
            84            85           307          1932          1643          1037
            63            64           254          1933           877          1769
           188           411           505          1908          1672          1723
           347           435           475          1542          1807          1934
           109           404           418          1173          1935          1558
           178           118           469          1568          1936           937
           160           208           381           593          1937          1708
           158           257           194           924          1891          1547
           143           161           195           898          1330          1290
           499            93           145           656          1938          1773
            73            74           113          1939          1763          1940
           349           372           294           728          1473          1781
           491           261           242          1539          1789          1941
           441           298           155          1315          1928          1942
           231           197           176          1372          1445          1943
           232           513           283          1408          1944          1754
           504           295           324          1945          1325          1946
           429           150           499          1947          1948          1772
            66            67           483          1949          1950          1839
            57            58           387          1951          1866          1952
           118           183           469           604          1953          1936
           347           502           203          1954          1920          1500
           516           496            91          1059          1702          1112
           504           226           305          1955          1676          1831
           502           347           475          1954          1934          1785
           514           441           155           613          1942          1279
           527           352           324          1684          1843          1324
            51           266           229          1376          1956          1922
           390           512           463          1540          1957          1958
           266           385           229          1729          1471          1956
           480           390           463          1959          1958           670
           331           140           472          1960          1961          1802
           383           272           246           609          1893          1855
           267           129           384          1084          1962          1645
           206           464           459          1661          1651          1963
           112           231           176          1901          1943          1918
           291           206           459          1351          1963          1502
           140           331           465          1960          1227          1915
           477           526           145          1508          1964          1965
           317           240           110          1655          1436          1494
           391           105           276           849          1460          1966
           190           406           284          1818          1615           746
           141           111           473          1815          1155          1809
           140           379           472          1437          1760          1961
           220           122           422          1179           942          1967
           482           359           408          1478          1968          1832
           436           143           234           926          1530          1969
           309           388           478          1405          1627          1970
            98            55           271          1599          1722          1716
           226           504           324          1955          1946          1842
           356           420           327          1865          1971          1675
           346           149           293           783          1972          1710
           130            40           402          1829          1864          1973
           390           480           354          1959          1895          1974
           311            57           387          1235          1952          1975
           280           311           387          1011          1975          1800
           463           512           221          1957          1976          1977
           183            92           469          1746           997          1953
           520           463           221           686          1977          1854
           526           351           145           760          1978          1964
           333           152           276           810          1979          1459
           420           238           327          1479          1584          1971
           150           429           306          1947          1806          1094
           152           297           276           919          1980          1979
           325            30           289          1637          1762          1266
           209            95           408           975          1926          1756
           414           335           192          1099          1724          1156
           406           456           438          1819          1817          1981
           181           309           478          1595          1970          1504
           369           130           402           536          1973          1900
           513           467           283          1004           654          1944
           133           237           505          1447          1982          1671
            67           444           483          1522          1983          1950
           237           319           505          1984          1699          1982
           286           396           101          1638          1985          1612
           426           381            99          1078          1986          1987
           444           413           483          1988          1850          1983
           217           315           448           798          1989          1902
           409           148           418          1355          1559          1990
           497           426            99          1837          1987          1991
           168           220           422          1861          1967          1992
           512           394           221          1064          1993          1976
           394           337           221          1426          1852          1993
           104           522           119          1557          1994          1810
           150           154           499          1008           597          1948
           256            10           501          1205          1886          1995
           351           429           145           970          1774          1978
           132           389           246          1752          1856          1996
           115           132           246          1215          1996          1892
           295           504           110          1945          1597          1435
           149           114           293          1786          1887          1972
           338           322           128          1875           872          1997
           129            59           384          1791          1740          1962
           297           391           276          1071          1966          1980
           415           466           452          1775          1499          1998
            90           415           452          1126          1998          1877
           171           177           366          1873          1274          1999
           485           171           366           917          1999          2000
           413           444           201          1988          1931          1804
           392           409           509          1015          2001          2002
           486           392           509          1766          2002          1277
            71           344           318          1631          1580          1869
           348           491           242          1778          1941          1745
           149           168           422           784          1992          1787
           212           373           433          1134          1600          1788
           359           232           408          1665          1757          1968
           443           249           119          1477          2003          2004
           522           443           119          1441          2004          1994
           381           208            99          1937          2005          1986
            93           477           145          1018          1965          1938
           430           100           366           691          2006          1031
           100           485           366           922          2000          2006
           323           481           488           812          2007          1520
           494           368           240          1607          2008          1654
           368           259           240          1526          1455          2008
           180           103            99           753          2009          2010
           208           180            99          1905          2010          2005
           249           497           119          1834          1883          2003
           103           497            99          1882          1991          2009
           156           436           234          1917          1969          2011
           317           156           234          1493          2011          1532
           340           417           294          1342          1899          1472
           409           418           509          1990          2012          2001
           418           404           509          1935          1666          2012
           106            26           419          1879          1742          1880
           123           350           438          1611          2013          1623
           396           502           101          1701          1784          1985
           481            76           488          1924          1712          2007
           341           524           448          1914          1768          2014
           315           341           448           731          2014          1989
           435           390           354          1543          1974          1681
           353           210           131          1228          1420          2015
           398           353           131          1888          2015          1847
           323           338           128           678          1997           748
           237            73           113          1664          1940          2016
           319           237           113          1984          2016          1055
           350           406           438          1416          1981          2013
           304           256           501          1396          1995          1906
