0.000000 0.000000
48.000000 44.000000
48.000000 60.000000
0.000000 44.000000
4.800000 4.400000
9.600000 8.800000
14.400000 13.200000
19.200000 17.600000
24.000000 22.000000
28.800000 26.400000
33.600000 30.800000
38.400000 35.200000
43.200000 39.600000
48.000000 49.333333
48.000000 54.666667
42.000000 58.000000
36.000000 56.000000
30.000000 54.000000
24.000000 52.000000
18.000000 50.000000
12.000000 48.000000
6.000000 46.000000
0.000000 37.714286
0.000000 31.428571
0.000000 25.142857
0.000000 18.857143
0.000000 12.571429
0.000000 6.285714
23.267639 32.098572
4.454595 40.644805
28.567532 33.414207
4.296318 9.604034
25.192886 39.766590
17.333412 24.709685
4.346418 22.152356
29.580103 41.990830
33.571043 44.016696
4.066657 35.314186
18.090560 30.398806
4.410866 26.721048
37.947892 45.961138
42.803290 45.208515
14.023233 38.171829
40.147787 49.439702
22.687824 26.878250
21.454319 45.851610
39.938180 53.620384
31.977134 38.005874
11.288183 42.468487
18.971011 36.161090
13.064375 28.767595
8.728928 37.148809
7.081588 15.963025
13.618604 18.929485
35.143836 49.876443
27.579351 46.174160
10.112251 23.973818
38.073504 41.264334
16.044735 45.865795
17.908943 41.303115
13.219101 33.777642
7.595661 30.907637
43.949533 51.914835