           152           205           241           252           253           254
           205           232           241           255           256           253
            67           160           156           257           258           259
           207           107            89           260           261           262
           228           197           212           263           264           265
           134            84           192           266           267           268
           112           142           115           269           270           271
            37            38           115           272           273           274
           205           152           168           252           275           276
           123            67           156           277           259           278
           110           125           195           279           280           281
           197           228           183           263           282           283
           232           205            65           255           284           285
            37           115           201           274           286           287
           207            25           155           288           289           290
           123           173            67           291           292           277
           173           123           118           291           293           294
           181           164           225           295           296           297
            96           112           101           298           299           300
           240            90            89           301           302           303
            90           207            89           304           262           302
           132           164           179           305           306           307
           164           181           179           295           308           306
           100           145           196           309           310           311
           178            98           116           312           313           314
            79            90           109           315           316           317
           127            79           109           318           317           319
           247           116           215           320           321           322
           143           247           215           323           322           324
           107           207           155           260           290           325
           125           110           126           279           326           327
           104           250           163           328           329           330
           110           136           126           331           332           326
           195           125            85           280           333           334
           104           158           250           335           336           328
            90           240           216           301           337           338
           110            87           133           339           340           341
           171           134           192           342           268           343
           142           112           217           269           344           345
           181           225           208           297           346           347
           145           221           196           348           349           310
           164            87           225           350           351           296
            84           134           120           266           352           353
           145           100           111           309           354           355
           164           132            80           305           356           357
            87           110           195           339           281           358
            42            43           229           359           360           361
           174            96           101           362           300           363
           117            73           210           364           365           366
            54            55           165           367           368           369
            30            31           235           370           371           372
           129           127           109           373           319           374
            73            93           210           375           376           365
           198           129           109           377           374           378
            84            66           192           379           380           267
           239            62           236           381           382           383
           112            96           217           298           384           344
            62           239           102           381           385           386
           165            55           114           368           387           388
           233           127           141           389           390           391
           127            75           141           392           393           390
           128            74           188           394           395           396
           171            87            88           397           398           399
           239            58            78           400           401           402
            87           171           130           397           403           404
           134           171           113           342           405           406
           178            83            98           407           408           312
            58           239           236           400           383           409
            10            11            66           410           411           412
           247           143           144           323           413           414
           136           110           203           331           415           416
           143           123           144           417           418           413
            87           164           133           350           419           340
           247           144           182           414           420           421
           139           147           111           422           423           424
           144            99           182           425           426           420
            29            30           235           427           372           428
            96            70           217           429           430           384
           173           128           188           431           396           432
            71           209            64           433           434           435
            10            66           231           412           436           437
           115            71           201           438           439           286
            98           199           116           440           441           313
           229            99           156           442           443           444
           219           103           204           445           446           447
           245           165           114           448           388           449
           229            43           166           360           450           451
           124           182           163           452           453           454
           244           227            98           455           456           457
           147           139           137           422           458           459
           163           182            77           453           460           461
            70            96           184           429           462           463
            24            25           207           464           288           465
            30             3            31           466           467           370
             1             5            60           468           469           470
           160           229           156           471           444           258
            99           229           166           442           451           472
           183           219           204           473           447           474
            81            84           120           475           353           476
            92            27           187           477           478           479
           135           212            95           480           481           482
           212           197            95           264           483           481
           143           219           118           484           485           486
           174            41           186           487           488           489
           123           143           118           417           486           293
           109            90           216           316           338           490
           219           143           215           484           324           491
           235            31            68           371           492           493
            74           128           149           394           494           495
            66            84           231           379           496           436
            93            95           105           497           498           499
           132           227            80           500           501           356
           166            72            77           502           503           504
           157            91           251           505           506           507
            40            41           174           508           487           509
            62            81           120           510           476           511
            34            35            63           512           513           514
           213           151           251           515           516           517
           110           133           203           341           518           415
           207            90           226           304           519           520
           213           251           206           517           521           522
           219           128           118           523           524           485
           128           173           118           431           294           524
            31            32            68           525           526           492
            90            79           226           315           527           519
           229           160           186           471           528           529
           224            93           105           530           499           531
            42           229           186           361           529           532
           228           128           183           533           534           282
           128           219           183           523           473           534
           209           198            64           535           536           434
            65           169           222           537           538           539
           128           228           149           533           540           494
            98           227           246           456           541           542
           171           192           130           343           543           403
            72           166           177           502           544           545
           160           174           186           546           489           528
           151           157           251           547           507           516
           205            63            65           548           549           284
            99           144           156           425           550           443
            87           195            88           358           551           398
           115           142           167           270           552           553
            65           119           169           554           555           537
           240            89           222           303           556           557
            71            64           180           435           558           559
            26            27            92           560           477           561
            34            63           242           514           562           563
            20           138           196           564           565           566
           165            97           191           567           568           569
           198           216           169           570           571           572
            18            19           221           573           574           575
            64           198           169           536           572           576
            53           223           131           577           578           579
            63           205           242           548           580           562
            86            92           187           581           479           582
           198           209           238           535           583           584
           129           198           238           377           584           585
            29           235            82           428           586           587
           225            87           130           351           404           588
            92            86           218           581           589           590
           103           219           215           445           491           591
           107            92           218           592           590           593
           250           124           163           594           454           329
            97           165           113           567           595           596
           106            66           148           597           598           599
            16            17           108           600           601           602
           230            12           211           603           604           605
            52            53           131           606           579           607
            63           119            65           608           554           549
             7           102            94           609           610           611
            75           127           153           392           612           613
           139           111           200           424           614           615
            62           202           236           616           617           382
            25             2           155           618           619           289
            66           106           192           597           620           380
            32            33           168           621           622           623
           172           120           140           624           625           626
            99           166            77           472           504           627
            81            62           102           510           386           628
           102           239            94           385           629           610
           165           245           140           448           630           631
            23            79           233           632           633           634
           209            71           167           433           635           636
           119            63           194           608           637           638
            12            13           211           639           640           604
           142           209           167           641           636           552
            13            14           249           642           643           644
             8             9            81           645           646           647
           235           152            82           648           649           586
            56            57           202           650           651           652
           138           100           196           653           311           565
            51            52            61           654           655           656
           158            48           189           657           658           659
           139           129           176           660           661           662
            97           223           191           663           664           568
           209           142           234           641           665           666
           228           212           175           265           667           668
            48           158           150           657           669           670
           127           129           153           373           671           612
           154           221           190           672           673           674
            46           159           220           675           676           677
           129           139           153           660           678           671
           151           158           189           679           659           680
           230           106           148           681           599           682
             2            26           155           683           684           619
            54           165           191           369           569           685
           227           132           185           500           686           687
           116           199           215           441           688           321
           158           151           250           679           689           336
           220           104           163           690           330           691
            43            44           166           692           693           450
            83           136           203           694           416           695
            73           117           162           364           696           697
            69           119           194           698           638           699
            89           232           222           700           701           556
            72           220           163           702           691           703
            93           108            95           704           705           497
           120           134           140           352           706           625
           108           135            95           707           482           705
            71           115           167           438           553           635
            22            23           233           708           634           709
           158           104           150           335           710           669
            18           221           154           575           672           711
           212           145           175           712           713           667
             5             6           214           714           715           716
           108            17           154           601           717           718
           112           115           193           271           719           720
           108            93            73           704           375           721
            16           108            73           602           721           722
           115            38           193           273           723           719
            32           168            68           623           724           526
            91           157           122           505           725           726
            84            81           231           475           727           496
           202           245           114           728           449           729
           133           244           203           730           731           518
            26            92           155           561           732           684
            66            11           148           411           733           598
           135           108           154           707           718           734
           213           178           170           735           736           737
           124           213           170           738           737           739
           227           244            80           455           740           501
            45            46           220           741           677           742
            59            60           214           743           744           745
           227           243           246           746           747           541
           152           235            68           648           493           748
           113           171            88           405           399           749
            79            23           226           632           750           527
           243           227           185           746           687           751
             7             8           102           752           753           609
           135           154           190           734           674           754
           223            53           191           577           755           664
            57            58           236           756           409           757
           182           124           170           452           739           758
            12           230           148           603           682           759
           247           182           170           421           758           760
           159           104           220           761           690           676
           192           106           130           620           762           543
            46             4           159           763           764           675
            58            59            78           765           766           401
            81             9           231           646           767           727
             4            47           159           768           769           764
            19            20           196           770           566           771
           243           103           246           772           773           747
           103           199           246           774           775           773
            28            29            82           776           587           777
            36            69           194           778           699           779
            56           202           114           652           729           780
           138            21           141           781           782           783
            91           126           251           784           785           506
           126           136           251           332           786           785
           144           123           156           418           278           550
            35            36           194           787           779           788
            79           127           233           318           389           633
            60             5           214           469           716           744
            49            50           157           789           790           791
            86           241           218           792           793           589
            75           138           141           794           783           393
            48            49           189           795           796           658
            97           113            88           596           749           797
           103           243           204           772           798           446
            39           101           193           799           800           801
            91            61           126           802           803           784
            61           125           126           804           327           803
            83           244            98           805           457           408
            63            35           194           513           788           637
           136            83           206           694           806           807
            83           178           206           407           808           806
           166            44           177           693           809           544
           241           232           218           256           810           793
            11            12           148           811           759           733
            67           173           184           292           812           813
            53            54           191           814           685           755
           113           165           140           595           631           815
            15            16            73           816           722           817
           181           249           179           818           819           308
           249           117           179           820           821           819
            24           207           226           465           520           822
            47            48           150           823           670           824
            69            36           201           778           825           826
            23            24           226           827           822           750
            89           107           218           261           593           828
           101           112           193           299           720           800
            40           174           101           509           363           829
           223           125           131           830           831           578
           111           100           200           354           832           614
           181           230           211           833           605           834
            36            37           201           835           287           825
           232            89           218           700           828           810
             8            81           102           647           628           753
            39            40           101           836           829           799
            61            52           131           655           607           837
           223            97            85           663           838           839
           106           230           208           681           840           841
            95           197           105           483           842           498
           245           172           140           843           626           630
            28            82           187           777           844           845
            13           249           211           644           846           640
            20            21           138           847           781           564
           151           213           250           515           848           689
           202            57           236           651           757           617
           245           202           172           728           849           843
           213           124           250           738           594           848
           225           106           208           850           841           346
            96            67           184           851           813           462
            97           195            85           852           334           838
            78           214            94           853           854           855
           170           178           116           736           314           856
           197           183           204           283           474           857
           157            50           122           790           858           725
           247           170           116           760           856           320
           214             6            94           715           859           854
           125           223            85           830           839           333
           199            98           246           440           542           775
           221            19           196           574           771           349
            92           107           155           592           325           732
           230           181           208           833           347           840
            15            73           162           817           697           860
            74           237           188           861           862           395
           237            70           188           863           864           862
           221           145           190           348           865           673
           106           225           130           850           588           762
           157           151           189           547           680           866
            72           163            77           703           461           503
            96           174           121           362           867           868
           174           160           121           546           869           867
            93           224           210           530           870           376
           195            97            88           852           797           551
           199           103           215           774           591           688
            71            69           201           871           826           439
           243           224           105           872           531           873
           198           109           216           378           490           570
           237           146            76           874           875           876
           168           152            68           275           748           724
           132           179           210           307           877           878
           179           117           210           821           366           877
            27            28           187           879           845           478
           169           240           222           880           557           538
           146           234            76           881           882           875
           119            69           180           698           883           884
           117           249           162           820           885           696
           249            14           162           643           886           885
           178           213           206           735           522           808
           145           111           175           355           887           713
           111           147           175           423           888           887
            41            42           186           889           532           488
            38            39           193           890           801           723
            17            18           154           891           711           717
           244            83           203           805           695           731
           202            62           172           616           892           849
           146           237           161           874           893           894
            69            71           180           871           559           883
           137           146           161           895           894           896
            75           153           200           613           897           898
           153           139           200           678           615           897
           249           181           211           818           834           846
           146           238           234           899           900           881
            64           119           180           901           884           558
           238           209           234           583           666           900
             6             7            94           902           611           859
           224           132           210           903           878           870
            33            34           242           904           563           905
            21            22           141           906           907           782
            51            61           122           656           908           909
            44            45           177           910           911           809
           212           135           190           480           754           912
           145           212           190           712           912           865
            61            91           122           802           726           908
             9            10           231           913           437           767
            55            56           114           914           780           387
           125            61           131           804           837           831
            14            15           162           915           860           886
            50            51           122           916           909           858
           224           243           185           872           751           917
           137           139           176           458           662           918
           205           168           242           276           919           580
           251           136           206           786           807           521
           119            64           169           901           576           555
           159            47           150           769           824           920
           244           133            80           730           921           740
           216           240           169           337           880           571
           104           159           150           761           920           710
           204           243           105           798           873           922
           168            33           242           622           905           919
           232            65           222           285           539           701
           187            82           248           844           923           924
           220            72           177           702           545           925
            45           220           177           742           925           911
           241            86           248           792           926           927
            67            96           121           851           868           928
           160            67           121           257           928           869
           132           224           185           903           917           686
           182            99            77           426           627           460
           152           241           248           254           927           929
           133           164            80           419           357           921
           149           147           161           930           931           932
            59           214            78           745           853           766
           197           204           105           857           922           842
           217            70            76           430           933           934
           142           217            76           345           934           935
           129           238           176           585           936           661
           238           146           176           899           937           936
           134           113           140           406           815           706
            62           120           172           511           624           892
            49           157           189           791           866           796
           188            70           184           864           463           938
            74           149           161           495           932           939
            82           152           248           649           929           923
            22           233           141           709           391           907
           239            78            94           402           855           629
           138            75           200           794           898           940
           100           138           200           653           940           832
           175           147           149           888           930           941
           237            74           161           861           939           893
           147           137           161           459           896           931
            70           237            76           863           876           933
           146           137           176           895           918           937
           234           142            76           665           935           882
           228           175           149           668           941           540
            86           187           248           582           924           926
           173           188           184           432           938           812
