            61            52            62            64            65            66
             8            34            54            67            68            69
            26            27            53            70            71            72
             8             9            34            73            74            67
            53            27            32            71            75            76
            18            56            55            77            78            79
             6            53            32            80            76            81
            34            57            54            82            83            68
             6             7            53            84            85            80
            18            19            56            86            87            77
            42            14            63            88            89            90
            60            33            46            91            92            93
            52            61            43            64            94            95
            33            60            50            91            96            97
            33            29            31            98            99           100
            56            37            55           101           102            78
            29            10            31           103           104            99
            29            33            50            98            97           105
            15             3            16           106           107           108
            10            29            45           103           109           110
            49            22            30           111           112           113
             1             5            28           114           115           116
            52            49            30           117           113           118
             2            14            42           119            88           120
            11            12            48           121           122           123
            57            53            54           124           125            83
            44            42            63           126            90           127
            26            53            35            72           128           129
            15            16            63           108           130           131
            53             7            54            85           132           125
            53            57            35           124           133           128
            56            19            46            87           134           135
            57            62            40           136           137           138
            62            24            40           139           140           137
            48            33            31           141           100           142
            61            62            51            66           143           144
            24            62            38           139           145           146
            19            20            46           147           148           134
            62            52            38            65           149           145
            57            34            51            82           150           151
            34             9            45            74           152           153
            62            57            51           136           151           143
            33            56            46           154           135            92
            11            48            31           123           142           155
            10            11            31           156           155           104
            37            48            58           157           158           159
             5             6            32           160            81           161
            48            12            58           122           162           158
            21            22            49           163           111           164
            13             2            42           165           120           166
            27            28            32           167           168            75
            33            48            36           141           169           170
            55            44            47           171           172           173
            25            26            35           174           129           175
            24            25            40           176           177           140
            48            37            36           157           178           169
            17            18            55           179            79           180
            35            57            40           133           138           181
            17            55            47           180           173           182
            28             5            32           115           161           168
            37            56            36           101           183           178
             7             8            54           184            69           132
            56            33            36           154           170           183
            13            42            58           166           185           186
             9            10            45           187           110           152
            63            16            47           130           188           189
            44            55            41           171           190           191
            22             4            30           192           193           112
            58            42            41           185           194           195
            14            15            63           196           131            89
            12            13            58           197           186           162
            23            24            38           198           146           199
            38            52            30           149           118           200
            23            38            30           199           200           201
            55            37            41           102           202           190
             4            23            30           203           201           193
            51            34            39           150           204           205
            16            17            47           206           182           188
            50            60            43            96           207           208
            61            50            43           209           208            94
            20            21            59           210           211           212
            46            20            59           148           212           213
            60            46            59            93           213           214
            61            51            39           144           205           215
            49            52            43           117            95           216
            21            49            59           164           217           211
            49            60            59           218           214           217
            50            61            39           209           215           219
            25            35            40           175           181           177
            29            50            39           105           219           220
            34            45            39           153           221           204
            45            29            39           109           220           221
            60            49            43           218           216           207
            37            58            41           159           195           202
            42            44            41           126           191           194
            44            63            47           127           189           172
