             9             3            10            21            22            23
            12            16            20            24            25            26
            11            12            20            27            26            28
             6             7            16            29            30            31
             1             5            14            32            33            34
             8             2            15            35            36            37
            16            12            18            24            38            39
            16             7            20            30            40            25
             6            16            19            31            41            42
             9            10            15            23            43            44
            14             5            19            33            45            46
             5             6            19            47            42            45
             7             8            20            48            49            40
             8            15            17            37            50            51
            13            14            19            52            46            53
            16            13            19            54            53            41
            13            16            18            54            39            55
             4            13            18            56            55            57
            20             8            17            49            51            58
             2             9            15            59            44            36
            10            11            17            60            61            62
            11            20            17            28            58            61
            12             4            18            63            57            38
            15            10            17            43            62            50
