0.000000 0.000000
48.000000 44.000000
48.000000 60.000000
0.000000 44.000000
2.181818 2.000000
4.363636 4.000000
6.545455 6.000000
8.727273 8.000000
10.909091 10.000000
13.090909 12.000000
15.272727 14.000000
17.454545 16.000000
19.636364 18.000000
21.818182 20.000000
24.000000 22.000000
26.181818 24.000000
28.363636 26.000000
30.545455 28.000000
32.727273 30.000000
34.909091 32.000000
37.090909 34.000000
39.272727 36.000000
41.454545 38.000000
43.636364 40.000000
45.818182 42.000000
48.000000 46.666667
48.000000 49.333333
48.000000 52.000000
48.000000 54.666667
48.000000 57.333333
45.176471 59.058824
42.352941 58.117647
39.529412 57.176471
36.705882 56.235294
33.882353 55.294118
31.058824 54.352941
28.235294 53.411765
25.411765 52.470588
22.588235 51.529412
19.764706 50.588235
16.941176 49.647059
14.117647 48.705882
11.294118 47.764706
8.470588 46.823529
5.647059 45.882353
2.823529 44.941176
0.000000 41.066667
0.000000 38.133333
0.000000 35.200000
0.000000 32.266667
0.000000 29.333333
0.000000 26.400000
0.000000 23.466667
0.000000 20.533333
0.000000 17.600000
0.000000 14.666667
0.000000 11.733333
0.000000 8.800000
0.000000 5.866667
0.000000 2.933333
2.512389 28.283314
5.131692 11.816719
36.461932 53.329246
33.141131 47.664844
37.448973 50.331198
12.342265 14.958108
19.274246 43.237597
43.354133 56.286986
32.172680 51.445497
24.337851 43.469666
30.625457 49.122287
7.956028 42.792733
22.899303 24.582182
25.209229 39.611600
34.958886 37.096378
26.810140 43.843284
9.734179 41.681716
2.021144 6.829232
39.204284 40.555727
14.275804 26.974587
8.351377 11.330217
45.869540 53.220034
10.352046 31.027814
9.452352 14.103278
5.156422 24.271688
44.140314 49.811431
10.258753 23.360931
7.384704 22.098592
40.560188 46.480458
39.133258 43.683539
3.552066 30.800000
45.398590 47.946155
22.276530 27.408032
4.196586 6.389569
23.835230 29.590866
21.787135 45.339736
5.192201 22.054165
13.013853 31.335266
12.092854 42.351796
31.506576 34.382844
21.698619 48.961486
6.125296 8.676796
17.529809 33.420127
4.305545 40.095519
21.047047 30.121119
12.737889 18.757395
43.343570 45.996017
25.527741 27.074722
36.417257 42.809630
8.256263 26.927835
29.845589 35.653911
24.027325 47.979925
6.078343 19.435555
1.599419 16.143901
27.130503 49.650496
12.765493 34.967678
20.494757 23.593144
19.231688 38.803044
34.560893 50.334701
6.910770 14.293885
19.460004 45.357233
1.473236 30.800000
17.306485 41.052322
8.215226 37.898941
4.745508 26.725170
5.431474 29.211775
36.300623 39.486479
22.459265 38.001783
33.564296 41.301263
11.034142 20.450274
2.163261 26.131607
17.312824 26.479288
11.675447 26.405541
7.587977 16.995593
26.280752 29.783814
7.999230 30.209987
29.501954 39.651613
34.403830 34.385051
31.694455 38.343480
5.397738 17.264814
37.089375 36.191757
27.312271 46.128482
16.522878 38.205380
14.237754 40.387081
28.649914 33.470261
28.885460 41.871007
28.366486 37.524418
14.708306 16.462157
25.692289 37.442600
1.976316 39.840377
4.526710 35.145817
43.230354 53.447416
34.068256 38.905076
28.189296 28.465656
45.715471 44.984994
15.669824 42.999968
2.393710 33.355155
3.138771 37.699785
2.437266 42.206580
17.287532 45.339387
27.346431 39.581287
21.901768 22.098898
7.437330 40.390914
14.412674 24.306812
2.984983 18.846117
10.136766 44.542187
28.768781 47.828683
41.105401 55.437469
35.867941 47.604489
10.494974 36.497912
8.737190 20.204496
4.709345 14.506796
20.821156 40.911409
19.413485 47.500272
26.941663 35.452402
31.074881 40.964626
7.565103 44.834101
10.363911 33.716862
17.981300 23.813441
32.580922 49.608586
16.494772 21.614689
10.700923 39.537108
21.741386 34.704032
22.017735 42.850059
17.662786 28.448798
16.163088 47.418114
46.104109 50.666773
23.539956 41.092506
2.011838 35.906818
27.717420 31.356206
2.286247 21.802876
10.291908 17.513674
24.576925 50.269225
33.777283 53.036024
7.433928 24.193316
31.818866 32.127463
22.692098 31.856963
33.785451 44.883169
14.790104 33.408583
32.864914 36.378439
29.844552 51.596597
2.472385 13.623540
10.135317 28.675457
20.025437 32.767638
39.874306 52.518782
8.260736 32.783557
42.748959 43.298097
14.454060 20.207332
30.573953 46.171125
19.912509 25.900475
17.848700 19.369214
25.751158 32.407796
7.653936 35.259703
2.109737 4.565652
15.668822 35.556520
36.013619 45.073676
24.889793 45.585257
42.506432 48.288873
19.048657 35.844329
5.332150 43.265527
29.902067 30.706214
38.328615 48.300697
3.254051 24.114100
19.567646 28.189202
12.849475 21.861961
41.558114 40.993697
15.584480 28.875189
24.328479 35.252547
13.820071 45.631622
15.734104 18.595284
10.873584 12.372448
40.210036 49.277741
38.504005 38.184720
29.018336 44.279460
45.547187 55.663592
2.250001 10.936506
26.230332 41.610828
31.432028 43.335486
3.645929 8.708938
37.860315 46.336178
42.229471 50.940859
38.735387 54.939452
18.242395 30.477288
12.393598 28.806105
3.636103 16.133333
15.832128 31.503291
13.355990 37.493027
44.363830 51.638160
19.391061 21.180489
5.792835 37.549746
5.676117 32.416230