        0.000000        0.000000
       48.000000       44.000000
       48.000000       60.000000
        0.000000       44.000000
        9.600000        8.800000
       19.200000       17.600000
       28.800000       26.400000
       38.400000       35.200000
       48.000000       52.000000
       36.000000       56.000000
       24.000000       52.000000
       12.000000       48.000000
        0.000000       29.333333
        0.000000       14.666667
       40.081605       47.680855
       14.916201       32.934823
       31.167464       46.669857
        7.441910       38.997836
        8.703704       22.000000
       26.155668       39.276287
       48.000000       56.000000
       42.000000       58.000000
       42.000000       54.000000
       13.458101       40.467411
       20.535934       36.105555
       19.077834       43.638143
       18.000000       50.000000
       25.077834       45.638143
       24.000000       22.000000
       21.858100       29.667412
       17.058100       25.267412
        4.800000        4.400000
        4.800000       11.733334
        0.000000        7.333334
       43.200000       39.600000
       44.040802       45.840428
       39.240803       41.440427
        9.720955       43.498918
       11.179056       35.966330
       27.477834       32.838144
       11.809952       27.467412
       13.951852       19.800000
       38.040802       51.840428
       44.040802       49.840428
        9.151852       15.400000
        4.351852       18.333334
       14.400000       13.200000
       33.600000       30.800000
       32.277834       37.238144
       35.624535       47.175356
       34.783732       40.934928
        0.000000       22.000000
        4.351852       25.666666
        7.458100       31.134078
        3.720955       34.165585
        0.000000       36.666666
        3.720955       41.498918
       28.661566       42.973072
       48.000000       48.000000
       30.000000       54.000000
       27.583732       49.334929
       33.583732       51.334929
        6.000000       46.000000
