368 197 420
210 238 586
264 522 607
735 360 793
236 360 735
159 288 441
179 347 358
347 178 358
336 125 605
206 336 605
219 595 599
686 498 819
146 270 789
595 126 599
217 262 767
88 89 352
702 492 795
130 232 376
216 266 389
101 234 654
498 333 819
137 305 585
288 159 474
282 489 375
492 382 795
491 276 377
408 163 728
492 233 382
157 361 601
270 146 418
522 264 628
163 380 728
197 368 680
144 337 349
109 370 699
41 262 443
260 152 549
403 499 440
289 128 545
319 130 376
165 319 376
77 78 384
115 267 782
320 189 429
275 178 533
88 352 746
130 319 432
277 46 451
129 390 549
267 115 575
152 260 409
497 342 357
298 162 525
511 298 525
66 340 704
207 329 426
321 209 556
199 287 616
425 300 716
266 216 736
384 78 587
438 54 807
359 18 756
287 199 625
518 343 383
46 277 636
123 365 449
365 291 449
348 497 330
131 560 401
137 593 556
348 122 374
593 208 556
53 54 438
17 18 359
577 680 798
347 179 546
9 265 538
262 41 622
38 39 371
373 500 620
244 425 716
288 491 655
265 9 861
219 354 595
354 186 595
364 501 472
430 228 435
109 110 370
262 217 443
232 130 552
464 281 713
135 285 453
285 172 453
136 288 592
238 136 586
456 161 419
288 136 441
257 456 419
607 522 435
264 206 560
259 456 415
59 294 615
65 66 704
494 238 618
238 210 618
206 264 459
315 34 477
620 500 911
391 499 403
456 143 415
352 228 430
199 314 625
151 342 374
203 304 403
138 333 597
680 147 798
132 569 645
569 287 645
23 312 413
178 275 583
17 359 565
100 101 654
158 331 745
663 273 671
485 368 420
497 348 856
189 320 566
320 509 566
549 390 686
276 140 736
240 484 740
573 51 896
234 101 574
106 107 354
642 164 909
320 155 547
413 164 642
361 157 395
163 301 416
491 288 474
472 501 848
233 492 448
223 663 671
489 708 734
304 122 780
238 494 617
68 533 857
593 137 585
351 500 458
581 486 777
129 313 719
342 519 802
300 425 801
308 213 604
126 389 637
389 246 637
492 295 448
329 581 777
33 34 315
295 171 448
600 144 572
489 282 407
309 120 478
205 607 435
489 285 455
275 226 651
306 514 400
155 320 597
375 489 734
274 327 678
312 23 613
285 489 407
504 366 623
296 182 638
551 293 442
370 256 699
327 215 678
512 551 442
343 177 383
314 199 477
305 405 454
147 308 798
142 302 641
385 160 525
294 59 472
579 130 432
599 637 804
523 464 713
182 296 639
125 321 605
120 309 528
252 434 835
302 142 730
180 234 574
321 188 605
313 129 549
226 275 468
82 322 712
331 269 844
33 315 561
365 766 778
426 329 711
396 183 594
214 337 715
357 342 802
276 491 474
305 137 405
307 487 674
590 131 401
156 396 594
319 496 432
127 355 527
533 347 857
140 276 469
50 51 573
504 623 907
285 135 760
354 107 529
247 314 764
337 144 600
172 285 407
19 20 366
387 513 530
136 238 441
160 387 530
493 380 771
541 250 826
380 235 771
210 586 837
128 289 402
766 194 778
434 252 869
234 180 411
434 299 835
538 265 423
372 496 787
26 27 324
301 507 427
484 240 471
314 247 915
106 354 763
597 320 429
179 301 427
331 158 761
296 117 656
180 295 411
598 244 558
295 492 411
648 149 879
277 451 667
149 539 879
295 180 657
171 295 824
21 311 623
122 332 780
136 306 724
262 390 767
258 397 747
662 176 833
117 296 638
312 164 413
403 304 780
346 541 826
311 21 642
439 80 712
301 179 652
162 298 572
182 538 423
298 511 662
94 95 317
12 13 588
158 381 606
318 163 823
381 169 606
306 136 903
127 527 846
318 444 882
487 307 608
60 61 364
601 361 733
224 356 524
356 169 524
180 723 906
387 160 893
590 387 893
242 378 646
178 347 533
637 251 804
514 306 422
200 359 756
104 105 373
525 160 452
30 331 761
213 308 634
600 572 833
405 171 454
491 377 899
72 73 350
530 204 452
180 574 723
258 747 811
301 163 752
164 312 455
507 318 882
745 331 844
425 488 801
191 539 526
539 149 526
378 155 646
81 82 712
777 362 891
168 297 442
507 301 752
377 691 899
496 319 787
486 362 777
321 556 781
303 103 620
358 178 470
103 303 723
297 168 418
130 344 552
372 508 707
346 121 541
324 170 535
28 29 328
509 320 547
512 297 822
52 53 450
518 383 917
346 173 445
500 351 911
340 66 546
693 128 897
111 112 394
553 196 481
42 43 316
324 27 770
32 33 561
451 190 667
260 686 819
16 17 565
121 346 445
79 80 439
513 387 757
452 204 421
367 223 671
221 391 875
365 123 766
331 30 630
176 662 922
507 396 714
697 507 714
199 315 477
562 146 789
559 220 682
381 158 745
505 330 755
53 438 450
513 757 749
343 518 447
240 573 896
391 568 875
415 177 431
588 13 758
272 466 754
458 500 804
79 439 827
496 372 406
553 481 813
453 559 682
150 403 780
342 497 856
599 126 637
336 621 659
558 244 716
308 147 820
510 563 773
157 382 476
329 207 720
297 512 442
337 521 666
179 340 546
177 343 717
269 331 630
211 410 801
322 521 665
410 300 801
68 69 533
416 301 652
80 81 712
227 322 665
122 304 660
162 835 881
143 602 786
38 371 580
549 152 810
304 203 738
62 63 326
156 326 534
185 339 528
337 600 715
602 310 786
773 563 698
510 773 649
259 415 431
266 426 629
405 137 685
173 346 471
344 130 579
298 662 833
114 115 782
319 165 787
184 359 527
359 200 527
186 354 529
508 372 877
340 179 427
316 43 729
313 549 810
361 97 733
97 361 658
339 495 711
245 339 711
383 310 917
56 615 675
369 201 744
519 369 744
354 219 763
318 507 752
466 175 754
287 569 616
198 388 747
163 318 752
494 334 617
359 184 565
240 450 471
510 550 563
550 196 563
450 173 471
111 394 772
513 584 653
327 274 421
325 113 782
584 272 653
426 495 629
188 387 590
811 544 867
233 405 685
308 604 798
544 174 867
364 61 768
641 280 731
434 230 640
548 690 851
299 434 640
519 342 741
352 198 746
535 170 734
107 108 529
444 183 882
204 327 421
662 353 922
224 524 412
524 146 412
11 335 861
1 5 119
336 503 621
122 348 717
614 542 783
44 45 378
191 589 539
245 777 891
159 334 469
589 124 539
315 167 561
125 395 631
367 671 681
371 39 774
601 98 889
374 342 856
9 10 861
444 318 823
597 333 646
363 876 907
385 162 881
26 324 535
349 337 666
355 184 527
476 382 796
212 324 770
690 255 851
203 403 440
223 367 834
169 356 849
221 567 460
490 392 460
321 125 631
209 321 631
392 221 460
414 204 653
404 290 773
543 467 854
98 99 889
187 384 587
248 543 854
250 541 871
496 576 432
326 63 534
765 211 689
487 564 674
455 285 760
598 505 624
337 214 742
244 598 624
521 337 742
288 655 920
544 252 475
188 321 781
347 546 857
531 273 663
99 100 889
100 654 889
158 328 761
451 47 769
325 154 473
186 377 463
625 314 915
366 20 623
48 49 582
278 702 795
313 420 719
835 572 790
57 3 58
211 446 689
40 41 443
391 150 568
229 364 768
368 290 404
560 206 401
317 95 436
356 224 648
332 122 800
542 174 783
373 105 763
502 577 739
577 241 739
349 174 475
282 693 897
396 507 882
721 517 910
94 317 424
303 620 911
193 564 467
128 402 897
242 316 729
501 364 750
162 385 525
573 240 740
156 594 696
156 534 714
470 178 873
755 330 812
162 572 835
522 430 435
272 414 653
75 367 627
364 229 750
503 336 459
348 374 856
342 151 741
10 11 861
876 504 907
336 206 459
219 373 763
222 555 566
22 23 413
555 189 566
747 388 688
179 358 652
133 416 652
248 585 692
460 567 677
135 363 760
23 24 613
113 114 782
235 554 839
281 449 713
835 299 881
363 135 433
585 305 692
241 577 798
582 192 399
545 128 788
163 408 823
641 302 862
190 582 399
148 351 458
365 496 406
143 456 759
456 257 759
127 581 720
554 235 791
174 349 783
327 204 414
141 327 414
522 388 430
196 550 481
550 231 481
48 582 769
153 335 776
177 717 900
388 198 430
548 185 690
328 29 761
215 332 447
333 138 819
367 75 834
621 202 659
198 352 430
395 476 631
218 404 773
280 462 731
376 232 771
486 581 894
311 642 909
58 59 615
330 505 431
164 455 760
323 217 767
309 478 721
129 323 767
261 438 807
363 433 876
460 345 672
490 460 672
463 377 866
291 365 406
498 390 797
390 262 797
47 2 769
497 357 862
376 771 839
154 325 422
615 294 675
540 249 647
594 417 696
333 498 779
523 379 661
495 426 711
483 540 647
152 409 706
547 155 868
369 168 578
158 606 815
555 853 878
228 352 762
475 252 790
189 555 878
182 575 638
154 394 473
317 503 635
121 594 541
410 211 743
322 82 748
136 592 903
394 195 772
594 183 541
579 166 437
279 563 482
371 669 726
563 196 482
586 136 724
602 176 922
310 602 922
429 189 878
56 57 615
335 153 400
607 503 459
306 400 724
360 429 878
147 368 404
537 510 649
623 311 907
264 607 459
276 736 866
521 322 818
70 468 727
479 127 720
373 219 794
144 349 475
348 330 900
322 227 712
210 588 758
208 593 749
332 215 684
538 182 639
774 217 669
379 523 713
381 512 822
170 324 751
324 212 751
282 375 913
113 325 473
360 236 676
669 502 726
511 525 452
72 350 480
25 26 535
371 774 669
351 148 657
378 242 729
101 102 574
161 598 558
677 175 830
773 290 649
556 208 781
440 224 412
366 200 756
410 743 870
19 366 756
286 535 734
133 358 470
355 127 479
150 391 403
46 47 451
334 159 617
446 488 481
231 446 481
330 497 812
4 91 428
181 593 585
587 78 827
90 4 428
334 494 821
493 735 793
406 372 707
201 369 694
503 317 621
423 828 883
194 537 576
326 229 768
374 122 660
534 254 714
588 153 776
352 89 762
582 190 769
350 73 626
462 506 465
279 462 465
63 64 534
368 485 784
323 129 719
748 83 614
583 275 651
203 440 412
62 326 768
29 30 761
528 309 690
44 378 729
604 213 644
217 323 669
60 364 472
323 502 669
171 571 454
78 79 827
138 597 429
14 338 758
397 87 746
742 341 665
467 564 705
521 742 665
536 205 435
104 373 620
366 504 829
657 180 906
135 393 433
548 251 650
228 536 435
185 548 650
362 486 722
357 280 641
383 177 415
280 357 802
309 721 910
771 235 839
20 21 623
606 775 815
327 141 632
215 327 632
717 348 900
184 355 817
500 373 794
502 323 843
275 533 727
290 368 784
457 6 831
370 110 772
66 67 546
294 472 848
57 58 615
708 286 734
260 549 686
174 544 475
389 266 629
123 449 765
469 334 701
449 281 765
656 457 831
335 11 776
583 877 873
393 283 433
358 133 652
276 474 469
736 140 668
474 159 469
468 275 727
151 374 660
186 529 691
568 150 684
37 38 580
532 872 845
398 484 633
379 508 651
222 398 633
557 213 634
226 379 651
529 256 691
8 9 538
571 171 824
570 224 440
723 303 906
531 139 898
273 531 898
115 116 575
272 584 466
690 309 910
188 590 401
464 681 887
77 384 611
165 554 725
750 229 908
385 131 893
464 268 681
554 263 725
496 365 778
181 596 466
229 417 908
377 276 866
610 169 822
167 315 616
315 199 616
126 595 700
606 169 849
200 366 829
524 169 610
564 487 709
216 463 866
284 564 709
671 516 681
93 94 424
328 212 770
28 328 770
338 14 860
537 166 576
605 188 401
30 31 630
139 558 716
368 147 680
747 520 811
379 226 661
160 530 452
345 677 830
567 141 754
499 570 440
380 163 416
395 125 659
384 187 663
223 384 663
601 278 795
195 370 772
235 380 791
157 601 795
84 85 542
314 477 923
37 580 764
716 300 898
175 596 830
206 605 401
386 121 445
499 392 612
125 336 659
70 71 468
155 597 646
547 277 667
232 706 735
594 121 417
604 644 808
562 203 412
146 562 412
351 657 906
317 436 621
405 233 448
171 405 448
861 335 888
280 744 737
172 559 453
131 590 893
338 210 758
548 148 458
55 591 807
39 40 774
266 736 668
165 376 839
387 188 757
370 195 655
394 112 473
375 170 816
256 370 899
134 555 753
555 222 753
612 392 902
526 149 852
543 517 721
239 748 614
528 339 643
388 230 688
583 508 877
261 386 858
395 157 476
704 340 697
409 236 706
316 242 779
498 316 779
170 375 734
87 397 874
872 243 845
210 338 618
229 326 696
326 156 696
422 306 903
757 208 749
468 71 480
607 205 635
503 607 635
532 494 872
71 72 480
584 181 466
579 437 792
251 548 458
291 379 713
369 519 916
626 74 627
87 88 746
271 545 788
168 369 809
828 267 883
487 559 664
511 452 421
580 247 764
160 385 893
595 186 463
386 261 912
378 45 636
877 263 873
553 142 482
338 243 872
196 553 482
339 185 799
397 198 747
398 192 740
388 522 628
596 175 466
230 388 628
12 588 776
501 386 912
73 74 626
484 398 740
423 514 828
386 501 750
198 397 746
339 245 643
5 6 457
377 186 691
271 612 902
559 172 664
166 579 432
764 314 923
42 316 622
190 451 769
495 339 905
265 861 888
142 641 731
270 418 809
536 92 673
384 223 611
632 568 684
243 338 860
325 782 828
393 486 894
283 393 894
216 389 700
606 124 775
512 381 745
611 223 834
121 386 908
232 552 706
788 526 852
155 378 868
379 291 707
508 379 707
277 547 868
103 104 620
487 664 709
328 158 815
64 65 880
602 143 759
390 129 767
212 328 815
392 490 902
214 602 759
131 385 881
45 46 636
755 302 730
361 395 919
253 755 730
471 346 826
118 119 457
369 578 694
523 661 687
203 562 738
661 350 687
600 176 715
227 439 712
246 389 629
50 573 619
820 218 925
316 498 797
183 396 882
92 93 673
176 602 715
40 443 774
603 876 890
145 596 854
400 153 724
59 60 472
646 333 779
154 422 903
242 646 779
204 530 653
221 392 803
13 14 758
454 517 692
305 454 692
462 280 737
141 414 754
54 55 807
254 704 697
7 8 639
394 154 825
392 499 803
486 393 722
117 118 656
393 135 682
589 170 751
436 202 621
603 504 876
83 84 614
95 96 436
576 166 432
554 165 839
96 97 658
484 471 826
253 425 624
116 117 638
591 55 675
382 233 796
389 126 700
557 634 805
192 582 619
418 168 809
382 157 795
218 465 925
454 571 695
570 149 648
224 570 648
499 391 803
254 697 714
573 192 619
192 398 918
391 221 803
225 701 821
74 75 627
76 77 611
842 578 914
396 156 714
560 131 640
297 610 822
380 493 728
192 573 740
558 847 892
110 111 772
782 267 828
572 298 833
133 554 791
195 394 825
439 227 647
249 439 647
749 593 863
398 222 670
7 639 831
292 408 728
709 289 710
542 85 683
343 447 800
153 588 837
554 133 470
187 587 859
397 258 874
119 5 457
701 334 821
65 704 880
390 498 686
481 488 813
536 228 806
595 463 700
263 554 470
424 317 635
289 545 710
593 181 863
170 589 816
169 381 822
582 49 619
268 627 681
627 367 681
261 591 912
664 289 709
599 500 794
209 476 796
591 501 912
584 513 749
14 15 860
86 87 874
154 592 825
140 469 701
428 228 762
425 244 624
310 383 786
744 201 737
505 598 886
562 151 738
577 197 680
49 50 619
323 719 843
561 167 855
152 552 810
175 567 754
200 603 846
552 344 810
380 416 791
603 200 829
558 139 847
139 716 898
586 153 837
598 161 895
124 606 849
596 181 718
112 113 473
529 108 699
596 145 830
256 529 699
41 42 622
11 12 776
569 167 616
585 248 718
559 487 608
220 559 608
82 83 748
876 283 890
588 210 837
202 436 658
655 195 920
124 589 926
543 193 467
137 556 685
34 35 477
706 236 735
226 468 480
581 127 890
283 581 890
592 288 920
207 461 732
300 410 898
602 214 715
739 241 609
644 287 625
515 644 625
218 773 698
187 531 663
478 193 721
530 513 653
142 553 730
553 253 730
176 600 833
589 191 816
252 835 790
146 524 610
250 753 633
753 222 633
293 842 914
141 568 632
278 601 889
98 601 733
519 741 916
201 557 805
546 67 857
219 599 794
568 141 875
500 599 804
181 585 718
444 134 753
250 444 753
508 583 651
172 402 664
102 103 723
564 284 705
736 216 866
149 570 852
202 658 919
237 419 892
153 586 724
191 526 693
504 603 829
501 591 848
241 604 808
604 241 798
212 775 926
134 444 823
267 575 883
461 207 668
592 154 903
140 461 668
18 19 756
335 400 888
138 429 676
120 528 643
419 237 884
228 428 806
591 261 807
438 173 450
55 56 675
2 48 769
230 434 688
719 197 843
357 641 862
147 404 820
581 329 720
751 212 926
302 755 812
268 626 627
222 566 670
141 567 875
566 509 670
580 371 726
557 132 645
105 106 763
581 283 894
570 499 612
27 28 770
564 193 674
89 90 762
132 578 842
297 418 610
418 146 610
253 553 813
293 551 901
742 214 832
8 538 639
494 532 821
341 742 832
36 37 764
532 184 817
429 360 676
61 62 768
194 576 778
550 510 836
456 259 895
132 557 694
557 201 694
239 614 783
257 419 814
551 167 901
419 483 814
92 536 806
340 427 697
545 490 710
542 683 867
732 225 817
644 515 808
517 543 692
252 544 869
544 520 869
543 248 692
362 722 924
148 548 851
167 569 901
575 116 638
561 269 703
569 132 842
213 557 645
356 648 879
386 445 858
609 241 808
565 243 679
16 565 679
527 200 846
565 184 845
243 565 845
97 98 733
84 542 614
185 528 690
168 442 914
490 545 902
539 124 879
545 271 902
32 561 703
422 325 828
287 644 645
644 213 645
639 296 831
534 64 880
151 562 789
533 69 727
355 732 817
506 462 737
526 128 693
479 207 732
477 35 923
509 547 667
138 409 819
166 537 649
139 531 847
409 260 819
431 505 886
531 187 864
760 363 909
439 249 827
571 255 695
205 536 673
164 760 909
395 659 919
420 313 904
134 408 853
520 544 811
567 175 677
485 420 904
540 237 864
75 76 834
247 580 726
532 225 821
187 540 864
489 455 708
455 312 708
184 532 845
408 292 853
510 537 836
225 532 817
349 666 783
666 239 783
91 92 806
234 411 702
247 609 915
409 138 676
555 134 853
853 292 878
236 409 676
207 426 668
411 492 702
21 22 642
251 458 804
515 625 915
225 461 701
443 217 774
414 272 754
284 709 710
90 428 762
446 211 801
447 332 800
178 583 873
567 221 875
571 148 851
159 441 617
552 152 706
255 571 851
511 421 838
421 274 838
269 561 855
441 238 617
722 220 924
226 480 661
480 350 661
577 502 843
231 550 865
144 475 790
36 764 923
135 453 682
181 584 863
6 7 831
31 32 703
161 456 895
290 437 649
437 166 649
654 234 702
278 654 702
847 237 892
402 289 664
493 771 735
563 279 698
93 424 673
771 232 735
576 496 778
757 188 781
205 424 635
738 151 660
436 96 658
22 413 642
574 102 723
447 518 678
399 509 667
312 613 708
613 286 708
765 281 743
24 25 850
220 722 682
722 393 682
255 690 910
128 526 788
658 361 919
249 587 827
587 249 859
123 765 689
43 44 729
461 140 701
399 192 918
520 747 688
556 209 685
424 205 673
560 640 785
755 253 624
269 551 844
551 512 844
461 225 732
148 571 824
249 540 859
537 194 836
578 132 694
575 182 883
551 269 855
167 551 855
69 70 727
15 16 679
535 286 850
254 534 880
25 535 850
691 256 899
344 579 792
463 216 700
211 765 743
540 187 859
108 109 699
419 161 892
684 150 780
85 86 683
332 684 780
263 470 873
237 540 884
540 483 884
193 543 721
572 144 790
190 399 667
51 52 896
462 279 731
370 655 899
737 201 805
259 431 886
476 209 631
291 406 707
127 846 890
417 229 696
846 603 890
514 423 888
427 507 697
423 265 888
541 183 871
258 811 867
145 467 705
67 68 857
596 718 854
739 247 726
408 134 823
35 36 923
174 542 867
425 253 813
264 560 785
161 558 892
420 197 719
505 755 624
743 516 870
426 266 668
647 227 840
446 231 689
478 120 921
307 478 921
509 399 918
434 520 688
197 577 843
570 612 852
578 168 914
207 479 720
438 261 858
173 438 858
227 665 840
215 632 684
215 447 678
467 145 854
402 172 897
775 212 815
214 759 832
431 177 900
330 431 900
618 338 872
404 218 820
483 419 884
437 485 792
172 407 897
654 278 889
118 457 656
247 739 609
659 202 919
464 523 687
428 91 806
268 464 687
681 516 887
165 725 787
725 372 787
814 483 840
304 738 660
437 290 784
279 482 731
482 142 731
449 291 713
372 725 877
345 460 677
488 446 801
517 454 695
759 257 832
485 437 784
383 415 786
279 465 698
415 143 786
514 422 828
488 425 813
640 131 881
378 636 868
251 637 650
299 640 881
637 246 650
271 788 852
400 514 888
809 369 916
678 518 885
748 239 818
322 748 818
231 766 689
766 123 689
355 479 732
520 434 869
273 410 870
410 273 898
502 739 726
626 268 687
350 626 687
52 450 896
478 307 674
193 478 674
465 218 698
630 31 703
490 672 710
433 283 876
744 280 802
416 133 791
407 282 897
341 814 840
270 741 789
741 151 789
743 281 887
442 293 914
444 250 871
183 444 871
741 270 916
269 630 703
683 258 867
308 820 925
613 24 850
122 717 800
717 343 800
628 264 785
191 693 913
230 628 785
483 647 840
182 423 883
353 838 885
292 793 878
417 121 908
793 360 878
666 521 818
445 173 858
705 284 841
284 672 841
345 830 841
245 711 777
711 329 777
517 695 910
450 240 896
671 273 870
516 671 870
633 484 826
515 609 808
250 633 826
640 230 785
76 611 834
516 743 887
194 766 865
281 464 887
838 274 885
670 509 918
208 757 781
634 308 925
506 634 925
295 657 824
657 148 824
622 316 797
512 745 844
506 737 805
519 744 802
386 750 908
353 662 838
465 506 925
775 124 926
584 749 863
672 284 710
608 307 924
220 608 924
634 506 805
292 728 793
728 493 793
679 243 860
589 751 926
655 491 899
591 675 848
665 341 840
675 294 848
262 622 797
830 145 841
650 246 799
185 650 799
672 345 841
766 231 865
494 618 872
662 511 838
296 656 831
832 257 814
341 832 814
120 891 921
313 810 904
810 344 904
693 282 913
274 678 885
239 666 818
636 277 868
792 485 904
344 792 904
375 816 913
816 191 913
120 643 891
246 629 905
612 271 852
258 683 874
891 362 921
286 613 850
233 685 796
685 209 796
836 194 865
643 245 891
629 495 905
339 799 905
704 254 880
725 263 877
398 670 918
718 248 854
609 515 915
145 705 841
195 825 920
825 592 920
812 497 862
302 812 862
15 679 860
885 518 917
353 885 917
124 849 879
849 356 879
695 255 910
550 836 865
886 598 895
842 293 901
569 842 901
683 86 874
237 847 864
847 531 864
799 246 905
270 809 916
353 917 922
917 310 922
259 886 895
906 303 911
351 906 911
363 907 909
907 311 909
921 362 924
307 921 924