        0.000000        0.000000
       48.000000       44.000000
       48.000000       60.000000
        0.000000       44.000000
        1.454545        1.333333
        2.909091        2.666667
        4.363636        4.000000
        5.818182        5.333333
        7.272727        6.666667
        8.727273        8.000000
       10.181818        9.333333
       11.636364       10.666667
       13.090909       12.000000
       14.545455       13.333333
       16.000000       14.666667
       17.454545       16.000000
       18.909091       17.333333
       20.363636       18.666667
       21.818182       20.000000
       23.272727       21.333333
       24.727273       22.666667
       26.181818       24.000000
       27.636364       25.333333
       29.090909       26.666667
       30.545455       28.000000
       32.000000       29.333333
       33.454545       30.666667
       34.909091       32.000000
       36.363636       33.333333
       37.818182       34.666667
       39.272727       36.000000
       40.727273       37.333333
       42.181818       38.666667
       43.636364       40.000000
       45.090909       41.333333
       46.545455       42.666667
       48.000000       46.000000
       48.000000       48.000000
       48.000000       50.000000
       48.000000       52.000000
       48.000000       54.000000
       48.000000       56.000000
       48.000000       58.000000
       46.153846       59.384615
       44.307692       58.769231
       42.461538       58.153846
       40.615385       57.538462
       38.769231       56.923077
       36.923077       56.307692
       35.076923       55.692308
       33.230769       55.076923
       31.384615       54.461538
       29.538462       53.846154
       27.692308       53.230769
       25.846154       52.615385
       24.000000       52.000000
       22.153846       51.384615
       20.307692       50.769231
       18.461538       50.153846
       16.615385       49.538462
       14.769231       48.923077
       12.923077       48.307692
       11.076923       47.692308
        9.230769       47.076923
        7.384615       46.461538
        5.538462       45.846154
        3.692308       45.230769
        1.846154       44.615385
        0.000000       42.000000
        0.000000       40.000000
        0.000000       38.000000
        0.000000       36.000000
        0.000000       34.000000
        0.000000       32.000000
        0.000000       30.000000
        0.000000       28.000000
        0.000000       26.000000
        0.000000       24.000000
        0.000000       22.000000
        0.000000       20.000000
        0.000000       18.000000
        0.000000       16.000000
        0.000000       14.000000
        0.000000       12.000000
        0.000000       10.000000
        0.000000        8.000000
        0.000000        6.000000
        0.000000        4.000000
        0.000000        2.000000
       42.330583       48.435317
       25.410174       46.440566
       15.565856       27.741156
       12.571336       31.587295
       41.715486       40.874003
       18.719472       38.856981
       16.077050       48.173381
       17.397513       45.508982
       27.313957       51.368315
        7.118599       36.850622
       46.477623       46.414346
       26.712247       33.432913
       24.994614       49.713270
        7.687301       35.252521
        8.687235       34.026711
        9.869018       41.375287
       30.415009       29.527976
        2.480814       26.345604
       28.443950       33.939623
        7.522231       28.897176
        5.594930       13.570526
        4.747995       20.355790
       11.892452       37.395828
        1.128410       32.930792
        1.864583        7.213511
       32.121604       38.130085
       36.404498       39.751129
       12.433565       44.042431
       14.459169       24.830413
        9.498951       35.396761
       10.731182       30.921307
       25.987849       25.671658
        3.792541        8.594195
       23.592446       41.071677
       22.778607       31.876988
       28.515469       47.903909
       10.974279       39.506249
        5.854086       18.414218
        3.824866       29.842115
       19.978045       49.273329
       46.557081       50.935426
        6.538053       21.081293
       32.498387       39.822551
        2.274039       35.801244
        5.094074       24.649586
        3.801905       39.183895
       15.301078       21.583985
       23.928934       25.224501
       16.717251       24.011459
       44.924826       55.745922
       12.670428       40.483031
        3.847097       18.382776
       31.520918       32.133979
        7.461922       16.999348
       22.495589       46.498844
       13.618954       30.230060
        4.722379       26.661433
       18.712077       32.420625
        8.977385       30.074051
        2.544075        6.021897
       15.941763       32.202459
       17.582695       39.692902
        6.339771       41.997242
        8.966583       13.430901
       14.788357       33.481083
       18.433886       21.288643
        7.332603       14.132153
       44.459711       49.641681
       32.347428       51.566229
       37.535012       50.096260
        5.100976       38.827263
        8.974847       18.302754
       31.802800       34.436242
       34.656200       46.326272
       20.533691       36.635234
       32.568374       45.985398
       37.004028       46.841506
       35.317275       47.901641
        4.050039        5.649126
       46.043666       57.318292
       18.956338       26.889849
       43.875395       47.532094
       29.983113       44.411423
       19.724181       20.547806
       17.216718       18.185542
        9.062894       25.328051
       12.699978       38.943486
       43.407611       45.978252
       12.789365       26.474027
       11.718419       14.719216
        6.079130       35.539992
       27.219875       41.719687
       46.493890       55.491986
       15.868970       26.050278
        1.759307       22.752788
       28.263102       37.476044
       11.940762       22.999299
       23.067832       23.009406
        4.933438       34.467966
       12.302422       17.743270
       22.974723       36.678664
       15.709999       41.692090
       29.951682       34.952180
       11.090855       12.857392
       31.008898       50.896409
        7.464447       18.564324
       39.421176       40.717577
       14.501265       39.345037
       10.573340       24.016921
       34.079963       51.043908
       20.623642       35.039937
        4.472842       42.233790
       32.970981       36.293344
       24.149007       32.319408
       15.900203       43.343246
        1.681256        9.060499
       14.142489       34.914268
       21.643154       33.473901
        5.488294       37.257915
       18.923181       37.223052
        7.949664       21.979767
       39.203008       38.516313
       19.412794       43.448538
       21.593902       45.107172
       15.642213       16.575773
       29.302536       51.477007
       28.926479       41.377610
       43.457400       51.497222
       13.934376       21.065730
       10.314930       43.320949
        5.096682        7.057382
       22.343087       28.643952
        5.379345       21.888233
       42.453783       42.948195
       43.418451       44.433274
       11.436420       19.786852
        4.864167       10.220414
       35.230502       41.228223
       38.720307       49.260505
       34.540956       54.261238
       12.883966       13.677549
       13.887351       38.041893
       17.098777       36.211529
       35.242409       36.597391
        7.095506       15.639209
       43.470440       41.623041
       13.883402       46.983948
        1.460992       34.401699
       31.514233       47.597532
        9.736673       38.274993
        4.582013       14.944715
       15.737345       20.057675
       38.482665       42.461561
       18.843950       18.884704
        1.173430       21.000000
       27.284667       46.059235
       31.033303       39.419996
       40.412249       49.368722
       32.300663       49.641244
       10.297200       36.744144
        9.854835       16.585291
       22.235730       35.345102
       42.390924       55.639879
       30.239600       33.643395
       10.517285       46.273478
       19.626543       29.748042
        7.551721        9.106445
       30.810910       52.523120
       28.659543       49.874793
        3.100683       15.050992
       33.852075       37.659343
       36.555543       42.949168
        1.780579       13.124528
       46.155335       49.314380
       11.483372       16.285993
       36.042212       44.990399
       33.104911       53.196449
       19.480169       47.487138
        3.094430       24.177020
        9.042986       45.016951
       21.855705       24.013442
       25.855049       51.171907
       29.935805       38.059766
       24.544594       35.628319
       39.708642       52.898893
       13.852412       42.908634
        8.039327       41.149939
        2.416853       39.852170
        1.324368       41.275466
       24.402695       43.424111
       21.639910       48.407058
       22.303993       43.077528
        6.132452       27.666147
       17.909961       34.378361
       21.828060       37.432128
       10.098987       14.762715
       26.799589       35.404160
        6.176194       23.184235
       42.268486       50.320475
       37.146262       36.062436
       23.941857       47.892531
       12.750358       35.515020
       39.016878       47.665489
        1.364896        5.602303
       33.129103       43.191915
        3.882226       13.238793
        1.594528       42.862766
        6.827437       39.859693
       17.915697       20.076570
        9.108719       32.257548
       26.225093       43.072484
       40.350551       54.474050
        7.366895       30.723481
        6.711778       33.322770
        7.845447       10.675017
        6.291459       10.765020
       16.933447       31.032903
        1.354522       10.960706
       20.040855       25.778892
       25.442974       41.559448
       20.218238       24.001903
       23.074951       49.902751
       29.169870       32.495392
       15.498432       46.726649
       27.431071       39.559450
       43.106482       53.250472
        4.521172       40.666676
        6.033922       14.713316
        1.338207       38.689719
        2.593597       32.885678
       43.838833       57.098884
        6.751376       44.315465
        5.554384       29.288500
        2.603363       28.554820
        4.088138       11.415170
       36.092858       35.171273
       22.976554       44.467304
       30.002731       47.244848
        4.410660       32.827387
       27.256718       27.043894
        7.244260       12.498665
       11.871670       42.231144
       35.682103       49.658937
        8.315413       42.759857
       27.948198       30.235188
       28.681301       35.626530
        9.040314       23.411128
       21.084623       29.603966
        4.190202       28.215176
       13.720655       15.714729
       31.782214       44.155952
       41.457853       53.301928
       37.305135       37.876851
       12.278039       21.373918
        1.592344       37.275277
       33.364061       41.382840
        2.386298        4.405752
       24.696287       30.955020
       39.442148       43.722645
       34.675899       43.087022
       22.521275       40.056644
       14.622520       28.961018
        3.064395       10.153678
        7.894940       20.090225
       26.849310       28.735355
       15.270209       18.318359
       29.113994       45.892531
       36.254061       51.450389
       39.167866       50.941986
       15.714529       37.728013
       29.493439       30.840155
       30.209340       42.615336
       36.573758       54.188832
       17.294156       41.205195
       45.963220       53.993708
       28.621443       28.791883
       44.842239       46.169051
       20.614991       27.744000
        3.718800       16.545228
       45.166628       52.185106
       18.784171       28.515291
       18.404861       30.793067
       33.796935       44.635351
       20.258493       42.362931
        3.609693       31.472688
       36.410667       52.754465
       34.346966       34.494229
        6.762527       25.978946
       38.592082       54.745280
       14.424291       40.879798
       12.644199       33.705205
        6.549138       38.152319
       19.043345       35.547094
       29.610812       39.801331
       18.433161       48.690878
       35.000249       52.845407
       21.393321       41.008180
       21.545802       50.131825
       25.274962       39.628905
       31.107810       40.960288
       25.307592       28.869003
        8.844997       39.757617
       11.517125       27.860024
       10.643366       18.070266
       22.475381       30.309811
       12.317334       46.194456
       25.452798       34.211186
        3.308620       37.725278
        6.757421       19.638105
       20.633869       38.957450
       15.736781       45.039396
       33.208377       47.603336
       46.697649       52.706759
        7.500789       24.213804
        8.231376       27.159142
        3.889675       22.527979
       22.715534       38.593783
       15.394146       22.996916
       17.326490       38.194862
       10.371559       29.146290
       19.474644       45.328176
        4.230562       35.904639
       26.941377       49.666795
        5.348801       43.253205
       30.519551       36.459393
       40.863616       47.821768
       40.104908       55.992968
       32.022467       42.381600
        9.002415       28.507909
       31.395357       30.585690
       30.750766       45.932655
       12.454993       24.553193
        3.469584        6.907222
       33.249384       32.936409
        1.376260       15.007515
       27.602168       31.833778
        8.127601       38.140698
        9.419264       20.249624
       21.654413       25.630928
       15.392021       30.585382
       45.877658       44.772916
       20.575178       31.476948
       19.277878       40.621305
       20.591854       43.998678
       18.720497       24.845208
       26.440277       30.246892
        8.469720       15.329736
       23.766104       33.652469
       23.668809       39.456593
        5.463743       31.291793
       10.375123       21.956755
       17.069708       21.815942
       10.985201       44.890550
       11.236236       35.482403
        3.483377       43.546176
       40.642818       39.226838
       30.282951       49.274444
       28.158742       43.829640
       42.245461       52.002847
       18.719059       42.178583
       26.137814       47.868895
       40.337463       42.159612
       42.027994       46.825558
        3.847924       25.458411
        1.349987        2.881150
       17.545263       26.153369
       24.239826       37.931955
       16.786310       29.238955
        2.712924       21.083042
       13.563582       36.661579
        5.814167        8.765148
        9.584785       11.252230
       38.719194       45.585616
       23.879631       27.723565
       15.002663       36.212498
       11.346349       40.898928
       40.422987       46.450739
       17.268128       33.085783
       14.036586       17.536733
       14.384480       27.099125
       37.818510       52.459327
        1.498755       24.696827
       13.232282       41.636853
        3.295241       19.762238
       21.172014       22.119741
       26.132295       31.651546
       19.757675       33.787329
       11.968119       29.736688
       26.342221       40.616872
       44.367286       54.231722
       25.521633       27.225269
        1.176800       28.974148
       16.084706       39.422627
        4.939173       44.567096
       34.047005       49.106638
       45.597231       47.720526
       11.063184       26.002396
       18.444369       46.457408
        1.339927       27.540919
        1.872949       19.227343
        2.913270       41.739571
       37.815594       44.009398
        1.849321       30.810410
       37.324066       41.210966
        5.488765       16.595702
       13.785962       22.896502
       25.901180       44.829535
        8.780132       36.760287
       11.072207       32.517171
       14.158728       31.972123
       38.040426       39.777399
        8.778209        9.673405
       25.355031       32.793156
       26.092437       37.575065
        5.279950       12.006546
        3.317214       34.381436
       17.032529       27.578903
       35.605054       38.282323
       14.035991       45.009663
        9.909523       27.262888
       41.267775       44.735179
       20.936843       46.565678
       23.760946       29.321070
       16.063250       34.451610
       19.025959       22.714256
       34.165996       39.229730
       24.040410       45.632451
       44.455658       42.959675
       13.568157       19.349959
       17.635952       43.659581
       22.426351       27.051134
       37.232364       48.544519
       10.305600       34.114502
        2.000035       16.862058
       40.856620       51.473077
       17.425152       47.505337
       13.000999       28.537855
        2.790477       11.576424
       28.936957       38.638688
       28.520941       39.680391
       27.847086       38.517747
       36.523120       45.915953
       35.830114       46.583889
       35.349206       45.658335
       44.813170       50.913393
       45.508396       50.288553
       45.861854       51.560266
       37.380703       45.288007
       37.861611       46.213561
        3.717221       41.203124
        2.665062       40.795870
        3.469012       40.259423
       36.928903       44.499899
       38.267394       44.797507
       41.538461       57.846154
       41.503155       56.589171
       42.426231       56.896862
       15.272728       14.000000
       14.860328       15.190698
       14.133055       14.524031
       38.288931       36.938426
       39.237868       37.258156
       38.254071       38.196582
       36.160652       47.371573
       34.986738       47.113957
       10.818262       25.009659
       10.063039       25.665223
        9.818117       24.672486
       23.353344       43.250820
       22.948220       42.074602
       23.997571       42.247894
       27.177770       37.525554
       26.446013       36.489612
       27.531346       36.440102
       27.728423       48.785352
       26.539595       48.767845
       27.326642       47.886402
       27.900068       46.981572
       26.711240       46.964065
        7.039337       32.023125
        8.237807       31.490514
        7.910248       32.790159
       17.871605       23.362857
       18.873228       23.779732
       17.718874       24.428334
       17.131257       25.082414
       18.132880       25.499288
       36.608558       49.877599
       36.457234       49.101728
       37.383688       49.320390
       25.454546       23.333334
       25.055376       24.612251
       24.328104       23.945584
        3.101645       32.179183
        2.221459       31.848044
        2.729507       31.141549
       25.683699       38.601985
       26.761754       38.567257
       26.353016       39.594178
       27.721705       44.944437
       26.592923       45.444385
       27.029961       44.329588
        4.398457       37.491596
        5.294635       38.042589
        4.204798       38.276271
       13.716278       33.593144
       13.401464       32.838664
       14.473543       32.726603
       48.000000       45.000000
       46.938829       45.386458
       46.938829       44.386458
       16.707116       26.101824
       16.293111       25.030868
       15.588210       24.420936
       15.164070       25.440345
       39.080671       44.654131
       40.354962       44.228912
       39.993485       45.160398
       29.099453       37.767905
       29.773308       38.930549
       39.571090       46.018178
       40.845381       45.592959
       16.893479       22.913700
       18.047833       22.265099
        3.601597       26.503518
        4.456290       27.438305
        3.335508       27.280390
       16.689431       40.313911
       16.502077       41.448643
       15.897353       40.557358
       15.254499       40.151212
       15.067145       41.285944
        8.684464       21.114695
        9.897194       21.103189
        9.162394       21.968261
       31.320577       37.294739
       31.745266       36.376368
       32.546292       37.211714
       14.926657       23.913664
       16.055698       23.504188
       31.161175       35.447817
       32.386890       35.364793
       27.689308       42.774664
       28.073177       41.548648
       28.542611       42.603625
       47.272728       43.333333
       46.211557       43.719791
       29.184041       43.222488
       29.567909       41.996473
       36.894537       50.773325
       35.968082       50.554663
       19.234876       33.103977
       18.833818       34.082845
       18.311019       33.399493
       37.676761       51.277794
       37.036286       51.954858
        4.491874       23.588783
        5.032934       22.856107
        5.635134       23.916911
       25.967996       49.690033
       25.566214       48.791083
       24.468235       48.802900
       25.039835       47.880713
       17.990102       32.753204
       17.589044       33.732072
       12.607768       32.646250
       13.365032       31.779709
       14.652751       19.703817
       14.835860       20.561702
       13.751266       20.207845
       16.597179       42.274220
       17.465054       42.432388
       16.768078       43.501413
        9.275684       12.341566
        8.105422       12.964783
        8.414523       11.875447
       40.634434       50.420900
       41.340367       49.844599
       41.562553       50.896776
       24.725284       26.224885
       24.700632       27.474417
       23.904283       26.474033
       36.939805       42.080067
       35.893023       42.088696
       36.277284       41.219594
       38.351439       50.519123
       38.493188       51.700657
        2.542089       27.450212
        3.396783       28.384998
       13.302311       14.696139
       13.714710       13.505441
        4.634510       22.208106
        5.777769       22.536234
       11.514166       24.285057
       11.759089       25.277794
       23.177643       26.137818
       23.152991       27.387349
        3.374967        4.202876
        4.206837        4.824563
        3.218168        5.027439
       47.238811       46.207173
       46.177640       45.593631
       26.063136       43.951009
       27.191918       43.451062
       17.100788       32.059343
       17.822762       31.726764
       35.636364       32.666667
       35.355301       33.913781
       34.628028       33.247114
       45.307523       49.478031
       46.356208       50.124903
       34.794688       35.545810
       34.106695       36.445368
       33.658974       35.393786
       33.074883       34.465235
       31.097763       53.492329
       31.957911       52.859785
       32.244763       53.828993
       44.136555       52.717789
       44.766957       53.208414
       43.736884       53.741097
       11.093300       42.776046
       12.152617       43.136787
       11.374247       43.681690
       41.860779       43.841687
       40.802619       43.447395
       41.395623       42.553904
       41.370738       55.056964
       40.904202       53.887989
       41.924388       54.470903
       15.805101       42.517668
       14.968097       44.176455
       13.944201       43.959148
       14.876307       43.125940
       21.384711       35.990168
       22.031895       36.388615
       21.180875       37.033681
       34.919573       44.812875
       34.236417       43.861187
       35.359055       44.038710
       42.748703       54.445176
       42.282167       53.276200
       18.558469       31.606846
       17.669154       30.912985
       36.298878       43.969783
       35.615721       43.018095
        8.715116       10.963624
        7.544854       11.586841
       38.205296       53.602304
       38.763576       52.679110
       39.150362       53.822086
       10.650066       44.105750
       11.709383       44.466490
       40.360146       56.765715
       41.247916       55.816423
       22.605227       36.011883
       22.401392       37.055396
        2.226342       29.682615
        3.214114       29.198467
        2.837093       30.326262
       40.012243       51.207532
       39.790058       50.155354
        7.199540       34.287645
        6.883216       35.396256
        6.395454       34.431381
       11.651259       31.254301
       11.821772       32.052233
       10.901695       31.719239
       23.498383       24.116954
       23.897552       22.838037
       13.811760       28.749437
       13.692740       27.818490
       14.503500       28.030071
        5.822608       33.895368
        5.506284       35.003979
       28.615385       53.538461
       28.497422       52.353888
       29.420499       52.661580
        9.707719       22.683942
        8.494989       22.695448
       46.798615       47.860263
       47.077668       48.657190
       45.876283       48.517453
        3.730460       20.719416
        4.318835       21.441885
        3.301299       21.805510
       43.657875       55.692901
       43.379105       54.935800
       44.646056       54.988822
       36.864282       40.481048
       35.817500       40.489676
       37.196134       53.324079
       37.582920       54.467056
        2.465186        5.213824
        3.297057        5.835511
       14.419183       18.834159
       15.503777       19.188017
       33.190313       50.342576
       33.173834       49.373941
       34.063484       50.075273
       39.879320       41.438595
       39.410064       42.310586
       38.951920       41.589569
       15.519212       20.820830
       14.617727       21.324858
        8.307692       46.769230
        8.213801       45.739244
        9.136878       46.046937
       43.281941       52.373847
       44.312014       51.841164
        4.094252       24.413303
        3.492052       23.352500
        7.131658       25.096375
        8.281842       24.770927
        7.912711       25.653498
       43.958556       50.569451
        7.496951       26.569044
        8.647135       26.243596
        7.533394       43.537661
        6.545573       43.156354
        7.327592       42.378549
        1.513060       29.892279
        1.890081       28.764484
       42.337693       45.356715
       42.717803       46.401905
       41.647885       45.780369
       38.372621       40.964271
       37.903365       41.836264
       16.833700       39.557764
       17.438426       40.449049
       14.122566       23.863458
       13.457081       24.691803
       13.120477       23.724848
       19.768186       41.492118
       19.488776       42.270757
       18.998469       41.399944
       42.343113       44.584226
       43.413031       45.205763
       40.000000       36.666667
       39.965140       37.924823
       21.848657       42.042854
       22.492883       41.039929
        6.050088       43.784335
        5.844286       42.625224
       36.854816       38.813990
       37.672781       38.827125
       37.222462       39.764264
       23.390162       35.486711
       23.000917       34.498785
       24.155349       34.640394
       25.318516       36.601692
       25.672092       35.516239
       27.740445       35.515345
       28.472202       36.551287
       34.881033       50.351422
       34.864554       49.382787
       45.166658       43.866295
       45.500557       42.813171
       10.421648       40.440768
        9.357007       40.566452
        9.909638       39.631933
        6.460640       30.005990
        6.415319       31.007637
        5.509063       30.290146
       12.719537       15.216973
       12.301192       14.198383
       16.447972       46.117816
       17.411333       46.507160
       16.461792       47.115993
       11.857229       20.580385
       11.326581       21.665337
       10.905772       20.871803
       18.594516       29.654179
       17.595585       30.016011
       17.785241       28.877123
       10.427842       20.018238
        3.769591       36.814959
        4.859428       36.581277
       33.765028       40.306285
       34.698249       40.228977
       34.297281       41.305532
        4.644305       30.566954
        4.689625       29.565307
       35.285247       39.490430
       15.818492       44.191321
       14.886386       45.024529
        9.780136       45.645214
        9.874027       46.675201
        4.010177       32.150038
        3.502128       32.856533
       36.273772       37.237121
       36.194336       36.329914
       37.225699       36.969644
        4.536718       31.382241
        3.717280       30.657401
       24.517710       41.315562
       24.922835       42.491780
       10.551371       30.033798
       11.169839       29.441489
       11.349650       30.328997
       32.487732       31.400323
       33.351965       31.801538
       32.385151       32.535194
       40.227730       55.233509
       41.371416       48.902019
       42.299535       49.377896
        8.658378       16.792320
        9.414841       17.444023
        8.218385       17.651051
       20.560040       47.947098
       20.208506       47.026408
       21.288376       47.486368
       14.465423       34.197676
       13.393344       34.309736
       45.028471       48.681103
        6.538308       29.092838
        7.444563       29.810329
        5.063670       21.122011
       33.798175       33.715319
       34.079237       32.468204
       30.658575       41.787812
       30.017145       41.168949
       22.892319       24.618972
       22.461768       23.511424
       30.359311       40.380809
       29.268645       40.589470
       44.167553       48.586888
       44.736313       47.626310
        5.674304       40.263185
        6.583604       40.928467
        5.430471       41.331959
       39.889806       42.941129
       46.037427       47.067436
       47.238811       47.207173
       31.579169       52.044674
       32.726169       52.381339
        7.965821       16.164542
        9.162278       15.957514
        4.672049       33.647677
        5.561219       33.075079
        7.699507       33.674740
        8.187268       34.639616
       14.462778       40.112417
       15.292986       39.383832
       20.578667       35.837586
       21.429686       35.192520
       12.895182       27.505941
       13.586923       26.786576
       22.040382       26.341031
       22.791674       25.427715
        2.828562        7.903853
        2.667083        7.060366
        3.631062        7.750709
        2.736899        8.827347
        1.772919        8.137005
       21.755059       24.822185
       19.400510       34.667212
       18.476653       34.962727
       23.991134       46.762491
       23.218723       47.195687
       23.268000       46.065647
       22.790883       48.149794
       22.067749       47.452951
        4.811074       39.746970
        5.964206       39.343478
        0.000000       17.000000
        1.000018       16.431029
        1.000018       17.431029
       12.602013       16.000361
       11.600896       15.502605
       13.011539       16.729000
       11.892897       17.014632
       44.381830       56.422403
       43.114879       56.369382
       12.197878       23.776246
       12.863362       22.947901
       23.737447       31.416004
       22.626994       31.093400
       23.585834       30.632416
       16.089166       29.912168
       15.007271       29.773200
       15.704415       29.099986
       20.335600       40.814743
       20.825907       41.685556
       19.676671       38.907215
       18.821326       38.040017
       19.778525       38.090251
       30.507179       31.487067
       30.345394       32.314685
       29.331654       31.667774
       16.176083       28.490056
       15.094188       28.351087
       18.436079       45.418579
       17.516732       44.584282
       18.555298       44.493879
       20.583780       37.796342
       19.728436       36.929143
       43.395147       49.038499
       43.364098       49.981078
       19.443719       44.388357
       18.524373       43.554060
        4.451441       39.005579
        3.555262       38.454587
       23.759659       36.153492
        6.543447        7.715908
        5.455425        7.911265
        6.184705        6.862025
       14.975168       27.420141
        7.412224        7.886556
        6.682944        8.935797
        3.164369       25.902008
        4.285151       26.059922
       19.205357       29.131667
       19.015702       30.270555
       16.665689       33.768697
       16.002506       33.327034
       16.604945       32.644121
       15.425804       33.966347
       15.365060       32.841771
        8.897977       33.142129
       23.508404       48.897641
       22.357430       49.154905
       42.909091       39.333333
       42.675925       40.437002
       41.948652       39.770335
       10.944342       28.503157
       11.742622       28.798356
       43.150185       57.626365
       12.269728       30.661991
       22.736072       45.483074
       23.508482       45.049878
        0.000000       13.000000
        0.890289       12.562264
        0.890289       13.562264
       22.044745       45.803008
       22.285228       44.787238
        3.636363        3.333334
        2.647695        3.536210
       35.499689       48.780289
       36.274819       48.223080
       44.648055       44.603095
       45.359949       45.470984
       44.130345       45.301163
       32.324045       50.603736
       33.213696       51.305069
       24.958392       25.448079
       25.754741       26.448464
        0.677261       11.480353
        1.567550       12.042617
        6.087760       32.307282
       31.661859       33.285111
       31.021200       34.039818
       30.880259       32.888687
       36.004776       39.016726
       36.455095       38.079587
       35.423732       37.439857
        9.092216       42.067572
       10.091974       42.348118
        9.315171       43.040403
        1.936492       18.044701
        0.936474       18.613672
       38.209495       36.031218
       29.818182       27.333334
       29.583449       28.395941
       28.856176       27.729275
        1.861003       32.908235
        1.488865       31.870601
       24.221553       44.528281
       25.151938       44.126823
       24.970795       45.230993
       23.689625       43.945707
       18.006608       41.691889
       18.177506       42.919082
       24.228617       30.138045
       23.118164       29.815441
       10.031315       19.159945
       11.039893       18.928559
       27.503132       52.299542
       28.308246       51.422661
        7.477519       39.000196
        8.486299       38.949157
        7.836217       39.808655
        9.197056       19.276189
        9.809107       18.186510
       11.858203       33.111188
       10.014094       44.953750
       10.751243       45.582014
        6.688287       39.006006
        7.338370       38.146508
       32.526092       33.686325
       22.545454       20.666666
       22.222371       21.726537
       21.495098       21.059871
       20.808978       48.840193
       19.729107       48.380234
       24.497307       50.856635
       23.537475       50.951375
       24.034782       49.808011
       26.084834       24.835829
       19.955874       39.789378
       18.998675       39.739143
        9.919951       31.589427
        9.043052       31.165799
        9.854284       30.497679
       16.437605       31.617681
        8.172140       30.398766
        8.679199       43.888404
        9.678958       44.168950
       29.391326       36.967719
       29.600426       36.042962
       25.166131       37.753510
       24.392210       36.780137
        0.727272        0.666667
        0.727272        1.666667
        0.000000        1.000000
       19.490020       31.135008
       20.100861       30.612495
        9.290835       39.016305
       10.355476       38.890621
        2.923566       17.622417
        2.860023       18.805059
       10.870344       41.803216
       24.725292       46.036508
       24.676015       47.166548
       10.028719       13.144147
       10.337820       12.054811
        2.285528       12.350476
        3.336352       12.407608
        2.831403       13.181660
       20.098987       22.416998
       19.375070       21.631031
       20.448098       21.333773
        7.897181       44.666208
        4.497007       41.450233
        3.693056       41.986680
       40.637933       48.595245
       41.597099       48.128542
       15.821106       15.621220
       14.681434       16.145251
       31.028704       38.094926
       30.227678       37.259580
       45.175679       58.043762
       44.073262       57.934057
       44.941249       57.208588
       19.835644       42.905735
       19.065927       42.813561
       17.335631       17.092771
       16.429465       17.380658
       16.548379       16.287886
        6.475344       16.797525
        6.658004       17.706783
        5.671425       17.504960
       19.643628       31.948787
       12.935289       18.546614
       12.502288       19.568405
       11.869421       18.765061
       13.878621       16.625731
       13.169504       17.640002
       12.923098       20.361939
       43.102989       47.983705
       43.937055       43.696474
       21.013595       39.982815
        7.181914       27.412644
        6.447489       26.822547
        3.004082       20.422640
        4.021618       20.059014
       30.235616       35.705787
       30.877241       34.694211
       39.471317       54.609665
       40.029596       53.686471
       36.000000       56.000000
       35.825340       54.940570
       36.748418       55.248262
       48.000000       57.000000
       47.021833       57.659146
       47.021833       56.659146
       12.363637       11.333334
       12.090882       12.428696
       11.363609       11.762030
       47.076923       58.692307
       46.098756       58.351453
       23.170279       22.171369
       22.119923       22.564574
        7.876803       28.028159
        6.827341       28.281661
        2.664766       44.080781
        1.720341       43.739075
        2.538952       43.204471
        4.803354        8.679671
        4.444612        7.825788
       42.084634       41.911099
       41.026474       41.516807
        5.339167        9.492781
        4.328354        9.407304
        7.067996       45.388502
       48.000000       59.000000
       47.076923       59.692307
       31.266490       45.044303
       32.175294       45.070675
       31.659570       45.959027
       12.321405       36.455424
       11.564344       36.439115
       11.993297       35.498711
       27.325473       40.639568
       28.178775       40.468530
       30.056723       52.000063
       30.174686       53.184637
       32.789575       44.395651
       33.182654       45.310375
       28.199331       45.975883
       28.814732       46.898220
       33.143800       38.679907
       32.986840       37.894714
       34.009035       38.444536
        8.000000        7.333334
        8.139497        8.553223
        2.072500       11.268565
        6.297432       24.431695
        5.928301       25.314266
        2.118819       41.507519
        1.870611       40.563818
       31.458137       31.359834
       32.424951       30.626179
       30.444398       30.712922
       33.332192       39.526140
       32.309995       38.976318
       45.230769       59.076923
       15.133831       47.824863
       14.326317       47.953513
       14.690917       46.855299
       32.931224       40.602695
       28.636368       44.861086
       20.771182       20.273903
        4.908226       25.655510
        5.742453       26.320189
       34.885525       38.756027
       10.607684       41.137107
       11.609009       41.565036
        7.922302       21.034996
        8.657102       20.169925
       45.564924       53.089407
       45.165253       54.112715
       14.590054       22.946709
       10.610575       10.959449
       23.076923       51.692307
       22.614399       50.643683
        2.862737       38.788724
        1.877530       39.270944
        2.323414       38.207498
       21.948947       44.092350
       21.092878       44.552925
       21.447924       43.538103
       41.179152       40.050421
       41.412318       38.946753
       22.640273       43.772416
       24.757394       38.780430
       29.792744       50.375726
       28.981040       50.675900
       29.471247       49.574618
       21.716216       46.532261
       38.621717       39.146856
       30.645924       50.085426
       30.155717       51.186708
        3.198323       42.642874
        2.253899       42.301169
       30.096227       43.513379
       29.070927       44.120531
        7.288431       13.315409
        6.463767       13.851339
        6.419595       13.034596
       29.399210       48.589177
       29.259100       47.574378
       30.142841       48.259646
       11.433366       38.451038
       10.814563       37.835411
       35.667634       35.884332
       36.619560       35.616855
       29.057441       29.816019
       29.518226       29.159929
       29.954224       30.184065
       29.704735       33.069394
       11.094826       37.069986
       10.016936       37.509569
       34.181818       31.333334
       44.124925       46.073651
       36.228247       34.252303
       35.219912       34.832751
       10.486353       26.632642
        9.486209       26.295469
       18.729923       22.001449
       19.079034       20.918225
       48.000000       49.000000
       47.077668       49.657190
       14.767211       45.868156
       13.959696       45.996806
        2.550359       15.956525
        1.688147       15.934787
        2.238472       15.029253
        6.545454        6.000000
        5.457432        6.195358
        7.463185       17.781836
        6.659266       18.489271
       21.513860       23.066592
       31.291807       49.457844
       30.898592       48.435988
       31.907448       48.619388
        0.688130       15.503757
       37.757579       55.526486
       16.567147       45.274189
       16.686366       44.349489
       28.587506       48.889351
       27.800460       49.770794
       32.754520       48.622290
       32.361305       47.600434
        2.791329       36.763261
        3.252301       35.852942
       15.787741       47.450015
       15.423140       48.548229
        7.725226       23.096785
        6.838491       23.699019
        7.062929       22.582001
       45.818182       42.000000
       44.773284       42.146504
       38.010453       47.253498
       38.868036       46.625552
       17.492703       20.946256
       16.403526       20.936808
       16.826521       20.067122
       16.185393       21.699963
       14.138351       41.894216
       14.781205       42.300362
       12.987437       12.838774
       11.987410       13.267471
       39.719932       47.058114
        3.439307       11.495797
        3.985182       12.326981
        6.921590        9.935733
        6.052813        9.765084
        8.434894       19.196489
        7.679693       19.327275
        8.219647       18.433539
       16.243464       18.251950
       15.456211       17.447066
       30.995777       43.385644
       30.882663       44.283687
       30.366940       45.172039
       27.939080       27.917889
       28.173814       26.855280
       45.484246       56.532107
       21.090909       19.333334
       20.043909       19.607236
       31.115904       42.498468
       31.902341       43.268776
       12.000000       48.000000
       11.697129       46.943382
       12.620206       47.251074
       26.722484       42.396085
       11.404637       13.788304
       10.908703       14.740965
       10.594921       13.810054
       12.697278       34.610112
       13.446423       35.214644
        9.532785       14.096808
       19.699581       28.129646
       20.120767       28.746021
        9.674472       29.610171
       20.849807       28.673983
       20.355583       29.676004
       35.627155       52.147898
       34.540106       51.944658
       35.167012       51.247149
        0.000000       19.000000
        0.936474       19.613672
       10.909091       10.000000
        9.883301       10.292782
       30.480232       28.763988
       15.617607       45.883023
        8.249808       29.485613
       46.268778       56.405139
       47.246945       55.745993
       14.800940       37.884953
       15.107897       38.536525
       14.194308       38.693465
       21.520671       27.397567
       21.134702       26.687464
       32.307692       54.769230
       33.167840       54.136686
       20.327923       26.761446
       20.847634       25.704910
       28.720819       30.537672
       28.284821       29.513535
       18.181818       16.666666
       18.062905       17.759438
       11.651267       45.542503
       12.375450       45.118443
       13.176662       45.602060
       13.234778       44.526047
       27.621769       34.671892
       28.562626       34.783076
        1.137020       35.900622
        1.933191       36.538260
        0.796172       36.637639
       20.129547       24.890397
       20.936326       24.816415
       38.124621       48.105004
       37.118196       47.693013
        7.698584        9.890731
        7.068453       10.720019
       23.607275       37.305309
       34.808940       54.976773
       35.557357       54.225035
        1.240407       26.172802
        0.749378       25.348413
        1.989785       25.521216
       24.433704       40.350291
       25.358968       40.594177
       16.050720       36.212013
       15.532957       35.332054
       16.581013       35.331570
        8.270551       23.812466
       38.868592       48.462997
       37.976335       48.902512
        3.109379       39.518033
       21.676893       31.676968
       21.525279       30.893380
       21.674702       38.775616
       22.618405       39.325214
       21.577572       39.507047
        5.406306       42.115516
        6.357124       22.132764
        7.243858       21.530530
        4.161538       39.925286
       17.908350       28.047097
       17.994433       27.234376
       18.870255       27.702570
       20.829901       30.540457
       21.780002       29.956888
        1.910370       26.943261
        0.669964       26.770460
       11.940217       34.593804
       21.281243       42.720230
       19.380676       25.312050
       19.498596       26.334370
       18.838417       25.867528
        4.232119       14.091754
        4.738578       13.404659
        5.088471       14.257620
       13.547359       40.681415
       13.585846       39.914034
       18.250800       26.521609
       11.474899       33.909853
       10.770918       34.798452
       16.231927       22.406429
       21.957298       40.532412
       12.685203       39.713258
       13.600621       39.144261
        0.730496       35.200850
        1.867516       35.101472
        4.937202       32.059590
       34.953201       42.157623
       21.036971       24.007672
       20.695126       23.060822
       11.160314       40.202588
       19.622098       23.358079
        3.491455       14.144893
        3.841348       14.997854
       20.700415       33.630615
       21.133398       34.256919
       20.190658       34.413633
        8.177370       41.954898
        8.954173       41.262613
        0.000000       23.000000
        0.879653       22.376394
        0.879653       23.376394
        6.461538       46.153846
        6.144919       45.080810
       27.986750       50.621554
        0.000000        9.000000
        0.840628        8.530250
        0.840628        9.530250
       35.787003       53.517119
       34.770602       53.553323
       32.455658       43.673934
       33.463019       43.913633
        1.208427       39.926085
        0.662184       40.637733
        0.669103       39.344859
       10.766718       36.113273
       15.899618       38.575320
       31.132500       46.765093
       32.041303       46.791465
       32.888375       46.794367
        9.707159       33.186025
       10.090463       32.387360
       10.688904       33.315837
       21.939442       34.409501
        2.859418       16.703643
        3.782948       17.464002
       18.430287       40.157103
       18.151083       39.274941
       13.802371       18.443346
       14.653398       17.927546
       34.226568       45.480812
        6.683262       14.422735
        5.814426       14.141921
       14.445007       37.127195
       15.358596       36.970255
       37.846154       56.615385
       38.680656       55.834179
       41.225490       46.638148
       24.422647       31.637214
       23.463807       32.098198
       13.156970       36.088300
       12.728017       37.028704
       26.781048       41.168279
       26.886646       40.088161
       40.568331       40.795790
       40.031997       39.972207
       12.484559       29.137272
       12.259062       28.198940
       18.071061       35.879312
       18.983263       36.385073
       18.010979       36.717291
        5.958699       21.484763
        2.292937       20.155192
        1.943177       21.041521
        1.523189       20.113672
       26.398213       50.419351
       25.424831       50.442588
       48.000000       47.000000
        1.971645       28.047869
        2.769231       44.923077
        3.587842       44.388473
        2.787622       25.261312
        3.471177       24.817715
        2.296593       24.436923
        3.409741       15.798110
       24.927525       51.585954
        2.450482       37.500278
        6.292136       16.117455
        7.278714       16.319278
        5.761343       15.654509
        6.564714       15.176262
       15.347612       22.290450
        0.000000        3.000000
        0.674994        2.440575
        0.674994        3.440575
       18.286017       40.913250
       27.127667       50.517555
       37.185569       43.479283
       24.534269       29.095036
       25.001939       29.912011
       25.568282       30.600956
       25.873934       29.557947
       30.461538       54.153846
       28.363636       26.000000
       27.446541       26.188614
       31.678163       51.231319
       31.654781       50.268827
       13.846154       48.615385
       13.403239       47.645820
        1.629031       23.724807
        0.749378       24.348413
       42.862943       50.908849
       17.020269       48.521900
       17.929156       48.098107
       17.524273       49.114670
        9.496417       34.070606
        8.262323       28.702542
        8.989900       29.290980
        0.000000       31.000000
        0.924660       30.405205
        0.924660       31.405205
        1.517889       10.010603
        2.372826        9.607088
        2.209459       10.557192
        2.440631       14.087760
       16.909419       28.408929
       13.624267       25.652220
       12.622179       25.513610
       11.926274       26.238211
       12.862041       42.569889
       13.142988       43.475532
        2.181818        2.000000
        2.129539        2.773909
        1.402266        2.107241
        1.578419       14.066021
       17.288896       26.866136
        4.470999       25.053998
        0.688130       14.503757
        1.465275       37.982498
       42.592963       41.248522
       42.962112       42.285618
       33.411528       36.976343
       30.758482       47.421190
       26.622284       26.357776
       26.812106       25.502496
       43.553402       40.811521
       25.773994       47.154730
       26.347420       46.249900
       20.166427       32.632138
       25.834034       42.315966
       25.313894       43.248298
       24.609451       33.931827
       24.998696       34.919753
       26.331424       41.639567
        6.262105       12.252606
        5.437440       12.788536
       26.769231       52.923077
       26.580056       51.991850
       20.425173       43.180805
       31.565138       41.670944
       22.704629       33.563185
       21.109166       32.475425
       23.272355       32.764729
       22.210881       32.675444
        4.667931       17.489239
        4.603782       16.570465
       46.981610       53.996854
       47.246945       54.745993
       46.228555       54.742847
       23.056860       40.564160
       26.755918       34.418537
       27.578099       33.686268
       21.230964       38.194789
       22.271797       38.012956
        0.586715       20.500000
        9.051604       24.369590
        9.806827       23.714025
        2.584095       19.494791
       20.534273       45.217674
       21.265372       45.836425
       20.205744       45.946927
       23.630627       40.264135
       24.471885       39.542749
       34.262826       47.752488
       33.932288       46.964804
       25.808591       40.122889
       42.936117       43.690734
       26.389176       27.134582
        0.000000       37.000000
        0.796172       37.637639
        9.976911       15.674003
       10.791179       15.524354
       10.669103       16.435642
       48.000000       55.000000
       37.090909       34.000000
       36.955520       34.918970
       26.126193       34.807673
        4.850592       18.398497
       43.454721       42.953935
       43.963049       42.291358
       44.280675       41.478187
        0.677261       10.480353
       18.452661       47.496237
       18.956665       48.089008
       27.398754       29.485271
       27.735377       28.763619
       12.109400       22.186608
       11.157943       22.478027
       13.725466       37.351736
       14.283123       36.437038
       10.474232       22.986838
       11.257051       23.508110
        5.035389       15.770208
        5.307968       14.829016
       13.032000       22.135210
       13.100368       46.589202
       13.106208       21.219824
       29.548554       45.151977
       30.095641       34.297787
       14.572576       35.563383
       15.102870       34.682939
        0.000000       35.000000
        0.730496       34.200850
       16.406653       36.969771
        9.070449       27.211015
        0.000000        7.000000
        0.932292        6.606756
        0.932292        7.606756
       16.751101       47.839359
        2.795627       35.091340
        3.773888       35.143038
       19.469368       24.423555
       16.859879       30.135929
       29.558363       46.568689
        5.577813       10.492717
       29.341775       33.791509
       29.197816       34.445901
       16.346218       48.855922
       27.194237       30.241040
       26.644793       29.491124
       17.934760       46.981372
       18.962269       46.972273
        2.927436       10.865051
       14.839399       17.056253
       14.543520       22.240243
       13.860169       21.981116
       17.920941       45.983195
       35.705458       52.799936
       36.492212       53.471649
       19.477407       46.407657
       17.566208       19.131056
       16.477031       19.121609
       16.727272       15.333334
        0.000000        5.000000
        0.682448        4.801151
        0.682448        5.801151
        3.863937       33.604411
        2.955405       33.633557
       24.560567       33.222813
       25.403914       33.502171
       25.655677       45.635050
       34.682140       48.504139
       33.627691       48.354987
        0.000000       25.000000
       40.685046       38.280085
       39.922913       38.871575
        5.825057       38.489791
        1.193149        4.202876
        1.875597        5.004027
        0.000000       27.000000
        0.669964       27.770460
        0.662184       41.637733
        1.459448       42.069116
        0.797264       42.431383
       26.584503       51.270111
       28.023059       32.886700
       27.157207       32.633345
       39.348495       55.369124
       39.437069       56.458022
       24.923077       52.307693
       25.850601       51.893646
        4.125326       34.424701
       29.316492       35.289355
        0.588400       29.487074
       20.033249       44.663427
       28.386019       32.164585
       28.806910       33.217507
       34.052580       53.020928
       33.592437       52.120179
       19.833493       35.293515
        2.426868       23.464904
        2.824491       22.640383
        2.236115       21.917915
       28.547804       31.336966
       26.422271       32.542229
       26.867231       31.742662
       37.114588       52.606896
       17.538462       49.846154
       18.447350       49.422362
       32.727272       30.000000
       31.697679       29.959511
       19.788518       36.091164
        0.000000       15.000000
       38.962407       43.092103
       15.717413       26.895717
       16.450750       26.814591
       16.299193       27.660030
       41.454545       38.000000
       45.709358       55.618954
       32.235935       41.171564
       31.803099       40.391419
       33.612287       46.155835
       17.504369       35.294945
       34.019980       42.234931
       18.124835       37.708957
       17.212633       37.203195
       39.438254       51.920440
       13.542347       42.272744
       13.828287       41.258325
       38.545455       35.333333
       37.482222       35.364551
        0.564205       32.465396
       40.282631       52.185985
       12.153245       27.167026
       11.290154       26.931210
       42.256974       51.161661
       41.551040       51.737962
       10.797104       46.982893
       11.417309       46.233967
       34.547242       37.128367
       14.775374       31.278752
       13.888841       31.101092
       14.505488       30.407721
       40.643301       47.136253
       39.940247       47.743628
       39.714563       48.517105
       38.628871       43.866022
       38.944086       50.101246
       39.566278       49.314614
       33.902501       43.139468
       33.246582       42.287378
       43.384615       58.461539
       26.033639       33.113034
       25.743663       32.222351
        2.204329        6.617704
        3.006829        6.464560
       20.002324       43.723608
       37.519104       42.705365
       19.384615       50.461539
       19.219791       49.713588
       20.142868       50.021280
       19.284066       19.716255
       19.603793       18.775686
       18.819939       20.312188
       18.379824       19.480637
       27.021223       31.040335
       27.775183       31.034483
       38.127660       49.678382
       21.592856       49.269441
       20.761924       49.702577
       12.551976       41.933999
        9.284353       15.046226
        4.910821       42.743498
       32.693264       41.882220
       16.162734       30.809143
       26.286286       30.949219
       34.728565       37.970833
        3.571169       19.072507
        9.093093       34.711736
        8.593126       35.324641
        5.752708       19.996947
        5.301041       19.385004
        6.305753       19.026162
        4.297546       19.369283
       18.959506       45.892792
       23.954318       38.694274
       22.845129       37.636223
       23.477680       38.262869
       39.312092       39.616945
       37.682246       40.494183
       38.730801       40.247488
        1.868143        3.643451
       11.472894       17.906768
       46.330434       53.350234
       47.348824       53.353380
        6.767860       11.631843
       48.000000       51.000000
       47.278540       51.467713
       47.278540       50.467713
        5.785704       11.385783
       16.705598       38.808745
       17.454593       38.943882
        9.538666       36.752215
        9.258402       37.517640
        5.427416       27.163790
        8.453867       37.450492
        8.932137       38.207846
        5.238817       45.206625
        5.845275       44.441281
        3.964281       10.187046
        4.476152       10.817792
        3.576267       10.784424
        0.000000       43.000000
        0.797264       43.431383
        5.843418       28.477323
        6.647737       20.359699
        5.643024       20.718542
       26.909091       24.666666
        5.143987       43.910151
       21.479039       28.193976
       21.713855       29.123959
       45.444023       54.869815
       22.384719       27.847543
       30.322057       39.610664
       31.070557       40.190142
        3.428468        9.373936
       10.249101       17.327779
       44.363636       40.666667
       24.000000       22.000000
        4.573360        6.353254
        4.934111        5.491229
       48.000000       53.000000
       47.348824       52.353380
       29.932380       45.912593
       20.926747       50.450528
       39.692308       57.230770
        0.000000       39.000000
        0.669103       38.344859
       19.785664       27.316924
        0.000000       41.000000
        8.718152       14.380319
       43.641503       46.755173
       42.951695       47.178826
        4.872293       28.751838
        5.161327       27.940661
       42.179288       47.630437
       31.272728       28.666666
       31.207504       29.430654
       30.905183       30.056833
       13.818182       12.666666
        8.233716       36.006404
        9.139541       36.078524
        9.454546        8.666666
        9.480014        9.503369
        8.752741        8.836703
        1.614740        6.407907
        7.326180       19.864165
        7.110934       19.101214
       11.063369       17.178130
       30.909904       51.709764
       31.577453       38.775041
       30.484554       38.739881
       27.053014       27.889625
       26.185471       27.980312
        5.090909        4.666666
        1.466368       21.876394
        0.586715       21.500000
       32.575785       42.786758
       45.932139       52.445932
       12.889902       37.718861
       42.851430       51.750034
        9.181497       10.462817
        5.154846       35.722316
        5.783712       36.398953
        8.311828       10.174211
       36.332364       52.102427
        4.582000       35.186302
       40.583247       53.100410
       18.876520       18.109018
       18.030334       18.535123
       11.822353       39.994640
       11.837128       39.224868
       41.157236       52.387502
       12.008388       40.690979
        8.149593       13.781527
        7.901162       14.730944
       12.296215       38.169657
       23.957555       32.985939
       24.752019       32.556282
       34.153846       55.384615
       33.885863       54.669080
        0.000000       29.000000
        0.588400       28.487074
       15.692308       49.230770
       18.022981       38.525921
        0.923077       44.307693
       18.174792       20.682606
       19.636364       18.000000
        0.000000       21.000000
        3.978109       42.889983
        0.000000       11.000000
       10.153846       47.384615
       25.414291       31.303283
        8.616895       27.833526
       14.421824       25.964769
        6.018716       37.705117
       13.095145       30.908678
        0.000000       33.000000
        0.564205       33.465396
       38.149130       43.235479
       17.751797       21.552293
       13.293665       38.492689
       16.986605       34.414986
        4.581088       12.622670
        4.684044       11.710858
       15.666892       31.393921
       15.050245       32.087291
        4.615385       45.538461
        4.315741       44.898933
       21.230769       51.076923
       21.849824       50.758220
       15.126725       26.574701
       25.025659       31.874088
        5.072059       11.113480
       33.822934       53.728843
       23.820289       28.522317
       24.593612       28.296284
       25.414613       28.047136
       12.271049       41.357087
       12.951355       41.059942
       19.205603       48.982103
       13.853036       35.787924
       13.309977       29.383958
       12.793537       29.983374
        8.442162       40.453778
        4.283133        6.982302
       16.520509       37.961438
        7.782613       15.484472
       25.892598       41.088160
       30.376748       46.588752
        1.954486        5.812100
       46.627365       51.821092
       26.078451       28.802179
       22.310376       50.017288
       23.052017       28.982511
       23.111359       28.183758
       14.120737       29.595539
        7.189549       41.573591
        7.433382       40.504816
       23.192172       39.025188
        2.389103       34.391568
        4.211275       44.056636
        2.027294       33.643688
       26.082523       33.822049
        6.833868       37.501470
        7.623100       37.495660
        4.416089       43.399691
       42.675972       52.626660
        9.686987       28.827100
        7.949365       36.805454
        3.759811        6.278174
       22.409234       29.476881
        9.902276       34.755631
        8.164965        9.389925
       31.765845       39.621274
        4.007534       29.028645
       41.445805       47.323663
       44.358817       46.850572
       45.219735       46.944789
       10.140541       28.204589
       10.713324       27.561456
        9.898076       36.070453
       10.367593       35.439582
        6.303446       37.054268
       45.659931       46.291699
        1.258364       28.257534
        4.150406       15.744972
        7.402950       36.051572
        6.598864       36.195307
        7.214054       14.885681
        9.455969       27.885399
       23.095042       39.756619
       41.851657       52.652388
        7.216496       20.585759
        1.294701       33.666246
