0.000000 0.000000
48.000000 44.000000
48.000000 60.000000
0.000000 44.000000
1.090909 1.000000
2.181818 2.000000
3.272727 3.000000
4.363636 4.000000
5.454545 5.000000
6.545455 6.000000
7.636364 7.000000
8.727273 8.000000
9.818182 9.000000
10.909091 10.000000
12.000000 11.000000
13.090909 12.000000
14.181818 13.000000
15.272727 14.000000
16.363636 15.000000
17.454545 16.000000
18.545455 17.000000
19.636364 18.000000
20.727273 19.000000
21.818182 20.000000
22.909091 21.000000
24.000000 22.000000
25.090909 23.000000
26.181818 24.000000
27.272727 25.000000
28.363636 26.000000
29.454545 27.000000
30.545455 28.000000
31.636364 29.000000
32.727273 30.000000
33.818182 31.000000
34.909091 32.000000
36.000000 33.000000
37.090909 34.000000
38.181818 35.000000
39.272727 36.000000
40.363636 37.000000
41.454545 38.000000
42.545455 39.000000
43.636364 40.000000
44.727273 41.000000
45.818182 42.000000
46.909091 43.000000
48.000000 45.454545
48.000000 46.909091
48.000000 48.363636
48.000000 49.818182
48.000000 51.272727
48.000000 52.727273
48.000000 54.181818
48.000000 55.636364
48.000000 57.090909
48.000000 58.545455
46.588235 59.529412
45.176471 59.058824
43.764706 58.588235
42.352941 58.117647
40.941176 57.647059
39.529412 57.176471
38.117647 56.705882
36.705882 56.235294
35.294118 55.764706
33.882353 55.294118
32.470588 54.823529
31.058824 54.352941
29.647059 53.882353
28.235294 53.411765
26.823529 52.941176
25.411765 52.470588
24.000000 52.000000
22.588235 51.529412
21.176471 51.058824
19.764706 50.588235
18.352941 50.117647
16.941176 49.647059
15.529412 49.176471
14.117647 48.705882
12.705882 48.235294
11.294118 47.764706
9.882353 47.294118
8.470588 46.823529
7.058824 46.352941
5.647059 45.882353
4.235294 45.411765
2.823529 44.941176
1.411765 44.470588
0.000000 42.533333
0.000000 41.066667
0.000000 39.600000
0.000000 38.133333
0.000000 36.666667
0.000000 35.200000
0.000000 33.733333
0.000000 32.266667
0.000000 30.800000
0.000000 29.333333
0.000000 27.866667
0.000000 26.400000
0.000000 24.933333
0.000000 23.466667
0.000000 22.000000
0.000000 20.533333
0.000000 19.066667
0.000000 17.600000
0.000000 16.133333
0.000000 14.666667
0.000000 13.200000
0.000000 11.733333
0.000000 10.266667
0.000000 8.800000
0.000000 7.333333
0.000000 5.866667
0.000000 4.400000
0.000000 2.933333
0.000000 1.466667
10.210952 23.919141
43.107201 53.135123
19.395261 36.015104
27.265364 45.972588
22.363399 26.998524
4.786814 34.671231
4.766337 20.859069
11.907105 17.629998
17.363779 26.232802
36.349453 39.820646
33.819303 44.665261
8.285303 37.838828
28.125657 33.743110
34.925920 49.986150
40.260908 49.090909
15.466159 21.245081
5.220832 11.879806
7.490215 30.685657
39.500390 43.495270
21.458932 45.068191
7.386632 16.915602
14.724702 33.274580
25.185085 39.572163
17.089636 41.176317
11.818247 42.177991
12.350448 28.712087
22.753731 32.197754
31.542131 38.460961
5.361730 25.640572
20.051046 28.173120
17.544632 33.402125
21.779056 34.593308
36.569316 42.871618
6.464156 9.518116
2.653983 11.186946
42.408306 43.159876
40.358631 54.344660
3.032923 32.206540
25.556666 27.204641
6.268337 14.573636
10.444237 36.785447
19.315346 43.202682
10.654953 39.297901
37.833152 49.733062
18.129781 20.016033
33.188985 47.449289
31.377978 43.314276
29.288583 30.848039
25.477156 32.651869
23.547629 29.229502
21.720713 24.020911
6.000576 27.867075
16.322942 23.863921
45.456191 52.000000
10.136290 44.396497
13.093492 31.232411
14.219881 40.354615
18.898257 38.818084
32.401803 51.629378
35.339972 52.659616
2.748594 26.818278
10.443307 30.986782
2.619388 6.017399
40.952846 51.855746
11.636266 14.786502
7.446949 23.428240
2.955254 18.548164
19.563431 47.404184
7.657407 35.100512
40.851741 46.146469
45.724515 45.193960
20.022242 25.852233
45.478500 47.495641
11.302981 26.323394
29.065718 44.072838
2.351444 13.618077
26.629417 41.546586
34.103545 38.954282
5.442748 43.147715
31.405658 32.056800
14.055069 16.318370
26.816856 35.546302
2.234352 35.350659
20.230731 32.651377
12.711374 35.041878
2.293171 39.782682
5.796544 37.037918
9.688023 18.267104
8.312227 32.887543
5.699951 32.456233
8.228111 11.035068
25.039983 45.556489
23.931274 25.194880
29.781468 35.550431
15.134697 42.718502
16.218124 35.389600
5.667566 18.754647
37.253099 37.483390
29.579937 39.316977
2.346217 21.218737
13.585089 23.078189
16.048922 31.269521
42.436032 48.103643
21.622299 48.884044
20.903730 30.275474
9.508040 15.716832
28.756698 51.090058
15.413508 46.745219
2.462336 42.221954
42.427713 55.489313
6.847092 40.439263
26.814747 43.875623
35.621597 45.375204
5.301196 30.250680
1.863934 28.160448
35.286819 47.869561
37.710167 44.674904
19.441373 45.281300
7.287551 12.387241
11.927469 45.728812
45.943237 50.067192
32.686542 36.248172
41.590370 41.008052
10.997845 12.640131
21.862600 42.952017
9.920425 21.909128
6.784349 21.442237
34.082492 34.377999
10.164501 28.888312
17.424500 47.539575
42.253428 50.184147
5.421215 23.278331
9.796533 41.523349
23.705331 41.367274
38.275361 54.663470
7.413421 25.819460
2.012873 16.667030
17.162000 43.271008
7.642985 44.512503
19.252757 41.144105
37.757015 42.168937
45.975844 53.967968
38.933190 38.420403
32.669722 49.448559
5.397783 38.996946
4.677134 6.496867
7.303458 18.988376
1.496080 7.738211
25.004482 50.043331
28.401205 28.884542
23.594985 33.494622
17.648564 28.405233
12.195438 32.998125
22.269484 46.813030
14.467726 36.624653
30.551124 51.807032
5.555441 16.553261
44.530949 43.389308
1.928861 30.423355
27.409564 39.488412
25.602547 37.502093
26.053716 47.679226
18.609388 24.312294
13.496882 19.389936
13.998211 27.468363
17.110113 22.141963
21.077202 21.962182
30.297058 33.253569
4.480201 13.834020
15.896676 26.353915
31.184441 41.004569
28.673098 47.843781
38.965562 47.530545
27.376263 31.702949
45.884072 57.564495
4.451612 27.649535
1.923307 4.370777
24.875413 30.961577
12.124756 39.186488
8.657346 39.928062
23.299477 44.521158
36.516549 51.350495
23.495307 39.332338
1.726648 24.997159
19.654442 34.131919
8.140144 29.189061
4.454403 10.279594
12.314888 24.415030
30.338712 37.271265
9.461770 24.897498
16.068532 39.662546
17.274083 18.250013
19.600681 20.496545
35.346022 40.884650
33.170858 32.860086
31.025439 30.579008
40.836263 39.535010
1.577229 37.400000
39.066487 50.879334
32.492309 45.887732
41.902060 44.990597
6.296387 33.866930
13.640471 46.728482
35.769459 38.221645
23.484477 23.652535
1.770904 9.977361
40.795752 55.986307
14.506158 35.151303
25.605450 25.445070
10.408362 19.740972
21.208997 39.216718
27.217383 27.529617
17.761967 35.480123
40.163752 42.027423
7.923003 14.818768
6.186094 8.067785
4.334098 36.311043
13.450411 43.217305
9.921294 11.475505
8.640880 22.182932
36.251259 54.109526
15.671694 44.499114
22.804695 36.252624
17.895348 37.622846
34.147028 43.083966
13.947170 29.621566
43.852971 51.707383
33.684665 52.903734
20.382622 37.705830
11.658947 43.736393
26.496916 51.540893
3.805116 25.055046
3.808847 43.638313
14.619858 38.414039
1.607244 19.827019
11.270924 16.372273
21.985851 29.009259
23.898130 37.421010
34.107812 51.515181
13.595182 14.669309
38.648327 45.556086
1.851940 33.601577
11.787028 22.264545
15.795968 19.886055
43.468852 56.837305
28.767865 46.339739
15.721379 16.588067
23.061719 49.783814
32.473497 39.896544
25.690361 34.453408
1.504036 15.310967
36.546762 35.611111
31.049145 47.853548
1.542774 22.700958
21.087341 36.111319
20.034741 23.997470
34.205324 46.252356
4.032419 17.270708
43.001254 41.588903
28.707185 49.456878
36.513182 48.239753
25.098958 28.748732
4.077370 31.072272
17.191912 38.951146
20.014646 48.955271
9.797056 38.093443
44.361733 54.154303
9.408300 35.605007
5.801779 41.677987
6.072452 20.217378
37.973393 39.733467
17.147445 32.095534
16.834513 29.997880
13.667986 20.807404
1.499190 12.312457
3.464193 33.739065
39.845046 52.884698
6.282113 44.404064
43.984750 48.189815
45.000093 46.161218
5.209949 9.172209
7.117262 36.584603
16.463650 25.192606
18.701511 32.692615
30.819611 39.663404
6.675208 29.496084
29.879528 47.247002
17.653373 23.493269
39.048236 48.667400
37.970412 43.355011
23.603687 45.867860
3.169229 28.195215
21.285321 31.644222
19.303204 19.150809
13.376718 33.823417
18.215599 40.218739
36.166826 49.772956
42.269916 54.294953
24.175321 32.300040
18.244180 44.244528
34.210201 40.358870
13.217820 36.325426
3.213377 10.049417
3.555700 7.249700
1.276200 38.815349
23.399765 43.042027
8.738118 19.393497
36.814303 52.796724
1.215058 43.155025
40.016943 44.968587
4.241750 42.105383
20.095359 40.042865
31.896571 44.614152
14.729225 20.051534
8.247145 41.023766
3.115234 40.857999
1.255753 35.983206
32.115338 42.096200
46.635247 53.119813
16.275150 47.972320
19.779235 31.257232
6.035280 13.235553
26.112884 31.224254
38.705716 37.022996
40.692966 50.430681
44.367231 52.801934
25.581193 44.225809
17.009656 36.509826
5.270569 28.948335
27.375076 47.226850
46.586704 51.489465
45.730945 43.897890
11.849280 36.567814
15.556149 22.670337
7.616446 27.853078
18.403592 21.350085
18.179983 42.230133
1.105072 2.356557
4.671272 24.139428
4.547299 37.840090
15.170689 30.209550
8.862100 16.976971
27.164633 38.167064
4.378220 18.677360
25.831486 49.022142
28.330310 38.685893
11.915167 31.697913
11.713517 27.612604
29.260292 52.565573
6.744215 15.739037
33.374846 50.313168
44.922584 50.816263
44.796202 57.437915
1.184815 11.095353
5.194392 15.281283
10.664167 42.817817
4.426695 32.377124
32.666997 31.425206
11.090898 24.993451
10.789310 17.609293
27.871653 52.013201
25.887851 42.674837
26.367963 40.289292
17.316846 45.366537
44.268647 49.635760
33.294713 41.324902
12.138430 20.968728
13.773486 25.199894
24.808045 43.258336
18.968554 22.741400
15.610572 28.916685
3.980896 15.625098
4.019808 29.421867
37.129896 47.020880
8.740077 13.525935
8.531154 20.577008
30.803722 46.003807
22.154337 37.827717
39.494200 40.620989
18.211008 30.877197
3.061788 23.539642
44.839439 55.770017
34.857844 37.003245
3.298089 37.653125
15.296793 18.056074
21.302243 40.936307
28.168582 37.401222
38.310878 52.300467
30.366052 49.310950
43.520945 45.975540
29.130926 42.051953
12.667251 37.820314
26.174394 29.856289
10.165936 34.054632
3.909485 8.838720
31.954583 34.439189
24.008931 47.893671
8.880607 27.079061
16.506340 37.634041
24.452655 35.474903
7.993114 42.511231
13.872634 44.970630
4.475933 40.770924
26.999473 49.485582
22.372052 30.470428
11.232503 37.969189
18.971408 26.906317
12.572021 15.938205
8.927115 23.878398
1.482715 17.992767
11.164526 35.311681
20.907924 46.405442
10.107078 14.363882
32.034420 53.294217
39.275271 55.632098
22.276960 22.444832
1.545829 41.041274
29.935299 43.213689
3.958262 5.549314
20.792245 27.015181
18.422028 46.393674
42.379092 51.658479
9.643307 45.761983
10.363531 27.612758
9.421755 43.034858
16.457701 27.630000
34.728473 54.193629
43.384568 44.247392
6.237213 24.227363
36.805720 41.257399
27.593754 42.574704
27.804038 30.363775
35.298974 43.914179
25.226245 41.126804
33.946592 48.723881
40.965970 47.662961
7.150060 32.271315
28.332850 35.225494
20.735639 43.912853
14.684976 23.868512
6.685276 38.215780
29.819476 29.361391
21.672446 33.013070
27.918082 40.939403
12.861059 26.471113
12.360915 13.344937
42.122935 46.624093
14.517790 31.869734
16.246436 33.262796
29.110893 32.493329
19.507785 29.647873
6.568125 26.567772
11.678463 40.666501
46.664649 48.917508
1.339932 27.010594
1.275405 6.576352
30.498053 44.469028
33.611322 37.453217
26.845808 33.369926
32.751339 43.366298
35.592147 34.297112
11.927987 19.378489
46.564248 46.212890
31.140683 50.590082
10.792639 32.479416
9.299945 29.902860
6.631013 11.019190
18.527684 48.598501
8.212091 9.496692
21.555176 25.677406
8.405107 36.490902
46.391256 55.431797
3.755833 12.331851
8.903890 31.452782
41.450872 53.341209
3.510878 20.183372
11.864745 30.241702
40.913474 43.467142
20.671274 42.420190
3.708968 21.868282
13.312357 41.598101
1.636087 31.856731
15.684300 40.925070
13.957715 17.675356
31.209420 36.228124
6.065470 35.539482
23.843446 27.666856
3.672385 39.225775
13.429899 24.069454
32.920190 35.047749
23.682868 30.849790
20.944673 49.906229
18.024319 29.422054
20.891571 20.789389
10.895684 46.371401
46.777525 58.296235
30.197751 31.780758
7.265427 13.770390
8.882924 12.180986
46.896160 47.505184
1.353412 23.999105
2.651286 36.465495
40.260720 38.411165
16.836843 17.200795
22.285536 41.762002
31.649024 33.464307
25.190455 51.168015
23.866310 50.749885
5.794411 40.239182
7.359882 20.392620
28.514420 27.565133
5.081828 33.458628
15.670428 34.257154
43.069896 49.207542
29.103029 36.613982
2.423415 38.575386
44.311084 42.174089
5.436874 21.900262
1.163620 5.446239
3.191194 4.499481
7.671394 39.319147
24.655674 38.482570
18.421922 18.241465
9.660154 22.890334
30.848111 34.681310
29.416006 34.157874
41.418866 42.210744
16.677738 46.487385
20.814766 28.974449
30.574665 42.067773
6.443548 22.718082
29.904348 50.451000
35.293968 51.166454
11.590182 34.155821
1.238020 29.365544
2.979709 14.703691
1.050501 3.475598
4.083985 26.260670
1.151847 34.662491
3.345430 35.144533
20.441406 35.065078
27.657192 50.529743
13.655801 39.058340
21.072102 47.741586
15.366937 25.013346
14.988007 45.558417
12.576865 44.744670
44.596873 44.886860
8.088233 18.057342
36.143564 36.855190
43.205076 47.155106
22.788633 48.181187
14.555124 28.741142
1.103571 39.964741
12.136146 25.531446
46.803504 56.715418
38.769248 44.409971
13.976402 30.599321
15.648377 36.485546
11.933697 12.167372
32.813740 38.578436
24.230496 49.117030
14.327346 22.061045
8.165564 45.603138
16.963053 34.449792
6.172333 31.292838
38.268666 41.131052
26.196667 50.298284
7.126888 41.760763
26.497947 45.088514
7.815387 24.700205
2.783227 17.322959
9.112103 28.373970
18.635941 25.591528
27.162307 34.467648
7.764944 26.663196
41.330955 54.961253
37.659894 53.656220
28.588379 39.831327
0.966447 16.776776
4.955794 19.776442
8.246726 15.948753
2.521222 29.436654
29.369376 28.209875
37.135674 55.075795
12.877140 27.667168
36.550814 44.164456
29.680391 48.386535
19.930531 21.769654
14.463356 26.335387
15.203478 27.672088
9.678050 20.742903
14.519193 47.562708
27.505647 48.478159
39.169687 53.948943
14.464121 41.721921
22.215458 44.152091
19.181476 37.560928
10.704763 29.832936
35.098657 39.420927
10.916370 18.611576
9.987764 26.159092
13.007403 22.092886
1.154121 25.881900
5.618675 10.396324
32.344031 48.314101
35.119044 35.551202
30.607846 53.231886
37.958955 47.972341
42.423000 40.199348
24.049869 40.327207
26.064244 38.916932
10.058168 16.836852
0.909657 32.853605
20.776447 22.996490
37.088505 45.752326
6.551067 17.802502
26.906777 36.838264
20.755616 33.890950
33.924809 35.812709
45.267957 48.861183
23.243257 34.672274
14.626480 43.918722
24.755210 46.932950
25.654385 36.116820
26.277472 28.529997
5.100202 44.450691
6.897732 43.107625
12.324510 46.923283
9.460202 32.812446
43.667593 55.252965
22.659711 24.903039
37.931767 51.065840
41.565533 49.075505
13.367703 32.512414
22.637378 40.237456
15.001599 15.315149
8.706558 34.098812
9.425516 10.218798
16.473747 42.247925
16.997330 20.671133
26.705921 26.194855
2.344307 43.685411
1.079531 21.261229
34.601527 33.098423
26.083843 46.375356
27.920525 44.858810
37.107380 38.770366
41.997287 56.815526
46.854063 44.655326
24.915870 24.285994
35.695038 46.832344
1.070934 13.821634
29.704005 40.725949
37.695854 36.260070
23.562466 26.422442
7.445196 8.416519
10.958599 20.967466
29.608646 45.200333
40.521992 40.971237
18.336811 34.361946
7.580743 33.700565
1.093468 8.844839
11.134159 45.042230
32.266997 41.080554
6.470698 39.404557
17.082970 40.045748
32.075424 47.046699
17.923129 27.394388
22.544151 33.730330
10.827836 41.532028
35.372183 48.973180
33.244944 42.395784
38.232743 46.731960
2.619130 22.316481
2.888042 30.891627
5.135509 31.489829
39.673688 39.347703
31.983614 37.259795
7.424403 22.219512
18.248741 36.637765
24.420207 44.304251
24.615092 36.598788
17.025843 31.050077
4.368752 22.988168
27.865619 36.325052
0.969099 42.013228
46.944393 54.486909
31.957667 35.392845
24.644364 33.477559
35.401744 42.305903
8.275365 43.590823
22.539665 38.977599
24.583948 42.206741
16.800953 44.351172
24.673874 26.235120
20.698121 24.903330
10.559637 15.438626
12.868390 45.819176
38.859073 42.133114
30.283257 38.516350
9.033618 14.739231
24.711629 29.777262
39.380350 49.760278
5.293205 26.797125
2.636754 12.497380
43.457770 50.534929
17.420524 48.647827
2.490188 8.549533
14.773735 17.180820
12.969584 29.767879
2.171394 3.300187
16.018560 43.440327
12.998252 40.172809
21.878679 50.232465
9.815649 40.378770
28.719642 43.127647
7.396857 10.305376
13.887389 37.631022
34.262856 47.429448
16.104538 45.528759
13.435616 28.633196
27.963261 32.592792
34.634042 38.034988
27.174898 29.032844
11.085837 13.766286
13.070518 17.125579
20.409357 45.315379
45.742895 56.583928
22.692077 28.102271
21.794601 21.239281
6.482811 25.385889
18.687708 28.324831
39.816045 47.949690
11.193584 28.816733
28.852811 29.864016
21.607249 36.974373
33.360100 54.101845
45.402100 53.066876
18.484411 47.483983
11.090164 11.512853
5.830120 6.810967
23.348623 38.408247
9.894281 31.923895
19.774799 46.266025
27.927311 43.716624
5.236943 17.811695
8.941752 44.596460
43.527232 42.911914
8.864637 42.023301
23.455019 47.045376
41.596148 51.040625
9.905577 12.883861
32.242973 50.266007
7.083745 45.288513
15.570220 32.325209
14.503475 18.993505
31.627810 49.348850
39.642476 46.649471
21.449897 28.045468
37.995855 55.658343
9.085230 39.062616
39.752480 51.790164
2.354054 7.176819
18.356107 45.321510
15.134338 37.574220
20.264134 41.374111
24.997665 48.133625
4.894747 7.772708
1.084596 30.795508
13.009080 18.427067
10.707971 22.711003
19.559602 44.224760
9.326200 37.067145
12.762213 20.112648
19.571611 42.172654
47.038918 50.313015
17.508179 24.781070
22.363245 45.734134
2.812245 15.986034
20.202909 38.785559
28.407988 31.586237
16.771550 28.889805
3.785033 11.249482
34.274108 41.725679
7.748134 21.362862
2.728009 25.595608
16.213479 18.745736
43.260142 54.291763
17.094089 19.365235
8.511306 25.891240
2.534995 24.637312
45.392068 54.831021
19.484983 24.881124
26.552097 32.320556
32.755429 34.037866
24.304982 34.399436
15.750302 38.627860
44.237873 46.995464
2.464491 34.451105
3.296616 13.375824
11.441712 23.613429
14.999779 39.507078
33.854572 32.055343
12.558872 23.333010
29.300638 37.967615
22.712777 25.903032