0.000000 0.000000
48.000000 44.000000
48.000000 60.000000
0.000000 44.000000
1.454545 1.333333
2.909091 2.666667
4.363636 4.000000
5.818182 5.333333
7.272727 6.666667
8.727273 8.000000
10.181818 9.333333
11.636364 10.666667
13.090909 12.000000
14.545455 13.333333
16.000000 14.666667
17.454545 16.000000
18.909091 17.333333
20.363636 18.666667
21.818182 20.000000
23.272727 21.333333
24.727273 22.666667
26.181818 24.000000
27.636364 25.333333
29.090909 26.666667
30.545455 28.000000
32.000000 29.333333
33.454545 30.666667
34.909091 32.000000
36.363636 33.333333
37.818182 34.666667
39.272727 36.000000
40.727273 37.333333
42.181818 38.666667
43.636364 40.000000
45.090909 41.333333
46.545455 42.666667
48.000000 46.000000
48.000000 48.000000
48.000000 50.000000
48.000000 52.000000
48.000000 54.000000
48.000000 56.000000
48.000000 58.000000
46.153846 59.384615
44.307692 58.769231
42.461538 58.153846
40.615385 57.538462
38.769231 56.923077
36.923077 56.307692
35.076923 55.692308
33.230769 55.076923
31.384615 54.461538
29.538462 53.846154
27.692308 53.230769
25.846154 52.615385
24.000000 52.000000
22.153846 51.384615
20.307692 50.769231
18.461538 50.153846
16.615385 49.538462
14.769231 48.923077
12.923077 48.307692
11.076923 47.692308
9.230769 47.076923
7.384615 46.461538
5.538462 45.846154
3.692308 45.230769
1.846154 44.615385
0.000000 42.000000
0.000000 40.000000
0.000000 38.000000
0.000000 36.000000
0.000000 34.000000
0.000000 32.000000
0.000000 30.000000
0.000000 28.000000
0.000000 26.000000
0.000000 24.000000
0.000000 22.000000
0.000000 20.000000
0.000000 18.000000
0.000000 16.000000
0.000000 14.000000
0.000000 12.000000
0.000000 10.000000
0.000000 8.000000
0.000000 6.000000
0.000000 4.000000
0.000000 2.000000
42.330583 48.435317
25.410174 46.440566
15.565856 27.741156
12.571336 31.587295
41.715486 40.874003
18.719472 38.856981
16.077050 48.173381
17.397513 45.508982
27.313957 51.368315
7.118599 36.850622
46.477623 46.414346
26.712247 33.432913
24.994614 49.713270
7.687301 35.252521
8.687235 34.026711
9.869018 41.375287
30.415009 29.527976
2.480814 26.345604
28.443950 33.939623
7.522231 28.897176
5.594930 13.570526
4.747995 20.355790
11.892452 37.395828
1.128410 32.930792
1.864583 7.213511
32.121604 38.130085
36.404498 39.751129
12.433565 44.042431
14.459169 24.830413
9.498951 35.396761
10.731182 30.921307
25.987849 25.671658
3.792541 8.594195
23.592446 41.071677
22.778607 31.876988
28.515469 47.903909
10.974279 39.506249
5.854086 18.414218
3.824866 29.842115
19.978045 49.273329
46.557081 50.935426
6.538053 21.081293
32.498387 39.822551
2.274039 35.801244
5.094074 24.649586
3.801905 39.183895
15.301078 21.583985
23.928934 25.224501
16.717251 24.011459
44.924826 55.745922
12.670428 40.483031
3.847097 18.382776
31.520918 32.133979
7.461922 16.999348
22.495589 46.498844
13.618954 30.230060
4.722379 26.661433
18.712077 32.420625
8.977385 30.074051
2.544075 6.021897
15.941763 32.202459
17.582695 39.692902
6.339771 41.997242
8.966583 13.430901
14.788357 33.481083
18.433886 21.288643
7.332603 14.132153
44.459711 49.641681
32.347428 51.566229
37.535012 50.096260
5.100976 38.827263
8.974847 18.302754
31.802800 34.436242
34.656200 46.326272
20.533691 36.635234
32.568374 45.985398
37.004028 46.841506
35.317275 47.901641
4.050039 5.649126
46.043666 57.318292
18.956338 26.889849
43.875395 47.532094
29.983113 44.411423
19.724181 20.547806
17.216718 18.185542
9.062894 25.328051
12.699978 38.943486
43.407611 45.978252
12.789365 26.474027
11.718419 14.719216
6.079130 35.539992
27.219875 41.719687
46.493890 55.491986
15.868970 26.050278
1.759307 22.752788
28.263102 37.476044
11.940762 22.999299
23.067832 23.009406
4.933438 34.467966
12.302422 17.743270
22.974723 36.678664
15.709999 41.692090
29.951682 34.952180
11.090855 12.857392
31.008898 50.896409
7.464447 18.564324
39.421176 40.717577
14.501265 39.345037
10.573340 24.016921
34.079963 51.043908
20.623642 35.039937
4.472842 42.233790
32.970981 36.293344
24.149007 32.319408
15.900203 43.343246
1.681256 9.060499
14.142489 34.914268
21.643154 33.473901
5.488294 37.257915
18.923181 37.223052
7.949664 21.979767
39.203008 38.516313
19.412794 43.448538
21.593902 45.107172
15.642213 16.575773
29.302536 51.477007
28.926479 41.377610
43.457400 51.497222
13.934376 21.065730
10.314930 43.320949
5.096682 7.057382
22.343087 28.643952
5.379345 21.888233
42.453783 42.948195
43.418451 44.433274
11.436420 19.786852
4.864167 10.220414
35.230502 41.228223
38.720307 49.260505
34.540956 54.261238
12.883966 13.677549
13.887351 38.041893
17.098777 36.211529
35.242409 36.597391
7.095506 15.639209
43.470440 41.623041
13.883402 46.983948
1.460992 34.401699
31.514233 47.597532
9.736673 38.274993
4.582013 14.944715
15.737345 20.057675
38.482665 42.461561
18.843950 18.884704
1.173430 21.000000
27.284667 46.059235
31.033303 39.419996
40.412249 49.368722
32.300663 49.641244
10.297200 36.744144
9.854835 16.585291
22.235730 35.345102
42.390924 55.639879
30.239600 33.643395
10.517285 46.273478
19.626543 29.748042
7.551721 9.106445
30.810910 52.523120
28.659543 49.874793
3.100683 15.050992
33.852075 37.659343
36.555543 42.949168
1.780579 13.124528
46.155335 49.314380
11.483372 16.285993
36.042212 44.990399
33.104911 53.196449
19.480169 47.487138
3.094430 24.177020
9.042986 45.016951
21.855705 24.013442
25.855049 51.171907
29.935805 38.059766
24.544594 35.628319
39.708642 52.898893
13.852412 42.908634
8.039327 41.149939
2.416853 39.852170
1.324368 41.275466
24.402695 43.424111
21.639910 48.407058
22.303993 43.077528
6.132452 27.666147
17.909961 34.378361
21.828060 37.432128
10.098987 14.762715
26.799589 35.404160
6.176194 23.184235
42.268486 50.320475
37.146262 36.062436
23.941857 47.892531
12.750358 35.515020
39.016878 47.665489
1.364896 5.602303
33.129103 43.191915
3.882226 13.238793
1.594528 42.862766
6.827437 39.859693
17.915697 20.076570
9.108719 32.257548
26.225093 43.072484
40.350551 54.474050
7.366895 30.723481
6.711778 33.322770
7.845447 10.675017
6.291459 10.765020
16.933447 31.032903
1.354522 10.960706
20.040855 25.778892
25.442974 41.559448
20.218238 24.001903
23.074951 49.902751
29.169870 32.495392
15.498432 46.726649
27.431071 39.559450
43.106482 53.250472
4.521172 40.666676
6.033922 14.713316
1.338207 38.689719
2.593597 32.885678
43.838833 57.098884
6.751376 44.315465
5.554384 29.288500
2.603363 28.554820
4.088138 11.415170
36.092858 35.171273
22.976554 44.467304
30.002731 47.244848
4.410660 32.827387
27.256718 27.043894
7.244260 12.498665
11.871670 42.231144
35.682103 49.658937
8.315413 42.759857
27.948198 30.235188
28.681301 35.626530
9.040314 23.411128
21.084623 29.603966
4.190202 28.215176
13.720655 15.714729
31.782214 44.155952
41.457853 53.301928
37.305135 37.876851
12.278039 21.373918
1.592344 37.275277
33.364061 41.382840
2.386298 4.405752
24.696287 30.955020
39.442148 43.722645
34.675899 43.087022
22.521275 40.056644
14.622520 28.961018
3.064395 10.153678
7.894940 20.090225
26.849310 28.735355
15.270209 18.318359
29.113994 45.892531
36.254061 51.450389
39.167866 50.941986
15.714529 37.728013
29.493439 30.840155
30.209340 42.615336
36.573758 54.188832
17.294156 41.205195
45.963220 53.993708
28.621443 28.791883
44.842239 46.169051
20.614991 27.744000
3.718800 16.545228
45.166628 52.185106
18.784171 28.515291
18.404861 30.793067
33.796935 44.635351
20.258493 42.362931
3.609693 31.472688
36.410667 52.754465
34.346966 34.494229
6.762527 25.978946
38.592082 54.745280
14.424291 40.879798
12.644199 33.705205
6.549138 38.152319
19.043345 35.547094
29.610812 39.801331
18.433161 48.690878
35.000249 52.845407
21.393321 41.008180
21.545802 50.131825
25.274962 39.628905
31.107810 40.960288
25.307592 28.869003
8.844997 39.757617
11.517125 27.860024
10.643366 18.070266
22.475381 30.309811
12.317334 46.194456
25.452798 34.211186
3.308620 37.725278
6.757421 19.638105
20.633869 38.957450
15.736781 45.039396
33.208377 47.603336
46.697649 52.706759
7.500789 24.213804
8.231376 27.159142
3.889675 22.527979
22.715534 38.593783
15.394146 22.996916
17.326490 38.194862
10.371559 29.146290
19.474644 45.328176
4.230562 35.904639
26.941377 49.666795
5.348801 43.253205
30.519551 36.459393
40.863616 47.821768
40.104908 55.992968
32.022467 42.381600
9.002415 28.507909
31.395357 30.585690
30.750766 45.932655
12.454993 24.553193
3.469584 6.907222
33.249384 32.936409
1.376260 15.007515
27.602168 31.833778
8.127601 38.140698
9.419264 20.249624
21.654413 25.630928
15.392021 30.585382
45.877658 44.772916
20.575178 31.476948
19.277878 40.621305
20.591854 43.998678
18.720497 24.845208
26.440277 30.246892
8.469720 15.329736
23.766104 33.652469
23.668809 39.456593
5.463743 31.291793
10.375123 21.956755
17.069708 21.815942
10.985201 44.890550
11.236236 35.482403
3.483377 43.546176
40.642818 39.226838
30.282951 49.274444
28.158742 43.829640
42.245461 52.002847
18.719059 42.178583
26.137814 47.868895
40.337463 42.159612
42.027994 46.825558
3.847924 25.458411
1.349987 2.881150
17.545263 26.153369
24.239826 37.931955
16.786310 29.238955
2.712924 21.083042
13.563582 36.661579
5.814167 8.765148
9.584785 11.252230
38.719194 45.585616
23.879631 27.723565
15.002663 36.212498
11.346349 40.898928
40.422987 46.450739
17.268128 33.085783
14.036586 17.536733
14.384480 27.099125
37.818510 52.459327
1.498755 24.696827
13.232282 41.636853
3.295241 19.762238
21.172014 22.119741
26.132295 31.651546
19.757675 33.787329
11.968119 29.736688
26.342221 40.616872
44.367286 54.231722
25.521633 27.225269
1.176800 28.974148
16.084706 39.422627
4.939173 44.567096
34.047005 49.106638
45.597231 47.720526
11.063184 26.002396
18.444369 46.457408
1.339927 27.540919
1.872949 19.227343
2.913270 41.739571
37.815594 44.009398
1.849321 30.810410
37.324066 41.210966
5.488765 16.595702
13.785962 22.896502
25.901180 44.829535
8.780132 36.760287
11.072207 32.517171
14.158728 31.972123
38.040426 39.777399
8.778209 9.673405
25.355031 32.793156
26.092437 37.575065
5.279950 12.006546
3.317214 34.381436
17.032529 27.578903
35.605054 38.282323
14.035991 45.009663
9.909523 27.262888
41.267775 44.735179
20.936843 46.565678
23.760946 29.321070
16.063250 34.451610
19.025959 22.714256
34.165996 39.229730
24.040410 45.632451
44.455658 42.959675
13.568157 19.349959
17.635952 43.659581
22.426351 27.051134
37.232364 48.544519
10.305600 34.114502
2.000035 16.862058
40.856620 51.473077
17.425152 47.505337
13.000999 28.537855
2.790477 11.576424