        0.000000        0.000000
       48.000000       44.000000
       48.000000       60.000000
        0.000000       44.000000
        2.181818        2.000000
        4.363636        4.000000
        6.545455        6.000000
        8.727273        8.000000
       10.909091       10.000000
       13.090909       12.000000
       15.272727       14.000000
       17.454545       16.000000
       19.636364       18.000000
       21.818182       20.000000
       24.000000       22.000000
       26.181818       24.000000
       28.363636       26.000000
       30.545455       28.000000
       32.727273       30.000000
       34.909091       32.000000
       37.090909       34.000000
       39.272727       36.000000
       41.454545       38.000000
       43.636364       40.000000
       45.818182       42.000000
       48.000000       46.666667
       48.000000       49.333333
       48.000000       52.000000
       48.000000       54.666667
       48.000000       57.333333
       45.176471       59.058824
       42.352941       58.117647
       39.529412       57.176471
       36.705882       56.235294
       33.882353       55.294118
       31.058824       54.352941
       28.235294       53.411765
       25.411765       52.470588
       22.588235       51.529412
       19.764706       50.588235
       16.941176       49.647059
       14.117647       48.705882
       11.294118       47.764706
        8.470588       46.823529
        5.647059       45.882353
        2.823529       44.941176
        0.000000       41.066667
        0.000000       38.133333
        0.000000       35.200000
        0.000000       32.266667
        0.000000       29.333333
        0.000000       26.400000
        0.000000       23.466667
        0.000000       20.533333
        0.000000       17.600000
        0.000000       14.666667
        0.000000       11.733333
        0.000000        8.800000
        0.000000        5.866667
        0.000000        2.933333
        2.512389       28.283314
        5.131692       11.816719
       36.461932       53.329246
       33.141131       47.664844
       37.448973       50.331198
       12.342265       14.958108
       19.274246       43.237597
       43.354133       56.286986
       32.172680       51.445497
       24.337851       43.469666
       30.625457       49.122287
        7.956028       42.792733
       22.899303       24.582182
       25.209229       39.611600
       34.958886       37.096378
       26.810140       43.843284
        9.734179       41.681716
        2.021144        6.829232
       39.204284       40.555727
       14.275804       26.974587
        8.351377       11.330217
       45.869540       53.220034
       10.352046       31.027814
        9.452352       14.103278
        5.156422       24.271688
       44.140314       49.811431
       10.258753       23.360931
        7.384704       22.098592
       40.560188       46.480458
       39.133258       43.683539
        3.552066       30.800000
       45.398590       47.946155
       22.276530       27.408032
        4.196586        6.389569
       23.835230       29.590866
       21.787135       45.339736
        5.192201       22.054165
       13.013853       31.335266
       12.092854       42.351796
       31.506576       34.382844
       21.698619       48.961486
        6.125296        8.676796
       17.529809       33.420127
        4.305545       40.095519
       21.047047       30.121119
       12.737889       18.757395
       43.343570       45.996017
       25.527741       27.074722
       36.417257       42.809630
        8.256263       26.927835
       29.845589       35.653911
       24.027325       47.979925
        6.078343       19.435555
        1.599419       16.143901
       27.130503       49.650496
       12.765493       34.967678
       20.494757       23.593144
       19.231688       38.803044
       34.560893       50.334701
        6.910770       14.293885
       19.460004       45.357233
        1.473236       30.800000
       17.306485       41.052322
        8.215226       37.898941
        4.745508       26.725170
        5.431474       29.211775
       36.300623       39.486479
       22.459265       38.001783
       33.564296       41.301263
       11.034142       20.450274
        2.163261       26.131607
       17.312824       26.479288
       11.675447       26.405541
        7.587977       16.995593
       26.280752       29.783814
        7.999230       30.209987
       29.501954       39.651613
       34.403830       34.385051
       31.694455       38.343480
        5.397738       17.264814
       37.089375       36.191757
       27.312271       46.128482
       16.522878       38.205380
       14.237754       40.387081
       28.649914       33.470261
       28.885460       41.871007
       28.366486       37.524418
       14.708306       16.462157
       25.692289       37.442600
        1.976316       39.840377
        4.526710       35.145817
       43.230354       53.447416
       34.068256       38.905076
       28.189296       28.465656
       45.715471       44.984994
       15.669824       42.999968
        2.393710       33.355155
        3.138771       37.699785
        2.437266       42.206580
       17.287532       45.339387
       27.346431       39.581287
       21.901768       22.098898
        7.437330       40.390914
       14.412674       24.306812
        2.984983       18.846117
       10.136766       44.542187
       28.768781       47.828683
       41.105401       55.437469
       35.867941       47.604489
       10.494974       36.497912
        8.737190       20.204496
        4.709345       14.506796
       20.821156       40.911409
       19.413485       47.500272
       26.941663       35.452402
       31.074881       40.964626
        7.565103       44.834101
       10.363911       33.716862
       17.981300       23.813441
       32.580922       49.608586
       16.494772       21.614689
       10.700923       39.537108
       21.741386       34.704032
       22.017735       42.850059
       17.662786       28.448798
       16.163088       47.418114
       46.104109       50.666773
       23.539956       41.092506
        2.011838       35.906818
       27.717420       31.356206
        2.286247       21.802876
       10.291908       17.513674
       24.576925       50.269225
       33.777283       53.036024
        7.433928       24.193316
       31.818866       32.127463
       22.692098       31.856963
       33.785451       44.883169
       14.790104       33.408583
       32.864914       36.378439
       29.844552       51.596597
        2.472385       13.623540
       10.135317       28.675457
       20.025437       32.767638
       39.874306       52.518782
        8.260736       32.783557
       42.748959       43.298097
       14.454060       20.207332
       30.573953       46.171125
       19.912509       25.900475
       17.848700       19.369214
       25.751158       32.407796
        7.653936       35.259703
        2.109737        4.565652
       15.668822       35.556520
       36.013619       45.073676
       24.889793       45.585257
       42.506432       48.288873
       19.048657       35.844329
        5.332150       43.265527
       29.902067       30.706214
       38.328615       48.300697
        3.254051       24.114100
       19.567646       28.189202
       12.849475       21.861961
       41.558114       40.993697
       15.584480       28.875189
       24.328479       35.252547
       13.820071       45.631622
       15.734104       18.595284
       10.873584       12.372448
       40.210036       49.277741
       38.504005       38.184720
       29.018336       44.279460
       45.547187       55.663592
        2.250001       10.936506
       26.230332       41.610828
       31.432028       43.335486
        3.645929        8.708938
       37.860315       46.336178
       42.229471       50.940859
       38.735387       54.939452
       18.242395       30.477288
       12.393598       28.806105
        3.636103       16.133333
       15.832128       31.503291
       13.355990       37.493027
       44.363830       51.638160
       19.391061       21.180489
        5.792835       37.549746
        5.676117       32.416230
       41.552330       52.983099
       41.051888       51.729821
       42.729912       52.194137
       40.042171       50.898262
       41.219753       50.109300
       18.280889       44.288492
       16.478678       44.169678
       17.472035       43.118783
       43.046264       44.647057
       41.951879       46.238237
       41.654573       44.889277
       23.510289       33.554755
       24.221628       32.132379
       25.039819       33.830171
        8.520164       15.549435
        9.872130       15.808476
        8.939943       17.254634
       25.669798       47.054203
       27.221387       47.889489
       25.578914       48.815210
       26.823529       52.941176
       26.271134       51.060542
       27.682899       51.531131
       42.167878       54.442442
       40.489853       53.978126
       18.290366       42.144959
       16.488155       42.026145
        6.500886       26.826503
        6.089718       25.459243
        7.845096       25.560575
       23.034933       34.978290
       22.216742       33.280497
       38.661639       51.424990
       38.829504       49.804469
       28.487527       50.623547
       29.039923       52.504181
       44.283570       42.649048
       45.766827       43.492497
       44.232215       44.141545
       19.063820       40.981865
       20.047701       42.074503
       18.269087       39.927683
       20.026422       39.857226
       15.453723       22.960750
       13.631075       23.084387
       14.672124       21.738325
       22.907230       46.659830
       22.862972       48.470706
       21.742877       47.150611
       38.496786       45.009858
       39.846723       45.081998
       39.210251       46.408318
       40.941108       43.490818
       15.862749       25.393050
       16.196987       24.060127
       17.647062       25.146365
       17.238036       22.714065
       30.078245       33.926552
       30.234390       32.798862
       31.662721       33.255153
       11.688882       32.526064
       12.889673       33.151472
       11.564702       34.342270
       39.168771       42.119633
       37.775257       43.246584
       37.810771       41.682678
       37.752454       40.021103
       36.358940       41.148055
       13.060741       36.230352
       14.217157       35.262099
       14.512406       36.524773
       14.939434       37.849204
       16.095850       36.880950
       44.529521       45.490505
        6.843869       28.069805
        5.088491       27.968472
        5.049190       38.822632
        6.615082       38.970330
        5.871438       40.243217
        8.127747       28.568911
        6.715352       29.710881
        4.950965       25.498429
        6.295175       24.232502
        3.722158       38.897652
        4.465803       37.624765
       36.936967       45.704927
       37.573438       44.378608
        9.257508       25.144383
       10.967100       24.883236
        9.965855       26.666688
        8.162584       18.600044
        9.514549       18.859085
       24.458559       46.782591
       26.101032       45.856870
       13.651768       21.034647
       15.474416       20.911010
       29.275990       32.088237
       30.860467       31.416838
       12.335714       23.833872
       11.554114       22.611446
        7.249374       15.644739
        8.181561       14.198581
       30.676082       35.018377
       29.247751       34.562086
       15.794314       26.726937
       14.344239       25.640700
        8.846341       23.777124
       12.705882       48.235294
       12.557094       46.698164
       13.968859       47.168752
       20.600310       46.420004
       20.556052       48.230879
       21.697030       24.087663
       21.405906       25.241329
       20.203633       24.746809
        0.000000       19.066667
        1.492492       18.223059
        1.492492       19.689725
       46.588235       58.196078
       45.361829       57.361208
       46.773594       56.498463
       34.932460       40.393871
       34.990776       42.055447
       22.587916       25.995107
       21.094520       26.654253
       33.674874       43.092216
       35.101354       43.846400
       10.897308       14.530693
       11.317086       16.235891
        4.388810       10.262829
        3.690847       11.376613
        2.947965        9.822722
       23.338464       45.462497
        4.885612        8.692867
        5.628494       10.246758
        0.799709       16.871951
        2.292201       17.495009
       37.402314       38.835600
       36.694999       37.839118
       37.796690       37.188238
       35.629755       38.291429
       36.024130       36.644068
       23.834247       38.806691
       24.374592       40.352053
       22.999610       39.547145
        9.497972       21.782713
        8.821729       22.729762
        8.060947       21.151544
        1.822965        8.754469
        1.010572        7.814616
        2.833537        7.769085
        9.885666       20.327385
       10.646448       21.905603
        7.407767       19.820025
        6.833160       18.215574
       10.357978       32.372338
       11.682949       31.181540
        1.125001        9.868253
       14.181818       13.000000
       13.807496       14.479054
       12.716587       13.479054
       15.380316       39.296231
       13.796872       38.940054
        9.195790       27.801646
        9.067274       29.442722
       16.914682       39.628851
       15.772119       40.719701
       13.044061       25.356177
       12.469338       39.962095
       12.028457       38.515068
       30.030470       37.933949
       29.106037       36.589164
       30.770022       36.998695
       13.165304       41.369439
       11.396888       40.944452
       48.000000       56.000000
       46.773594       55.165129
       23.062493       44.404701
       24.613822       44.527462
       21.640210       39.456596
       22.180556       41.001958
       30.599705       47.646706
       31.857542       46.917985
       31.883294       48.393566
       11.607924       13.665278
       11.982246       12.186224
       28.877980       49.386392
       30.235005       50.359442
       13.901978       32.371924
       13.777798       34.188130
       12.956463       43.991709
       13.881339       42.675882
       14.744948       44.315795
       18.289233       34.632228
       18.777623       33.093882
       19.537047       34.305983
        3.310543       17.489725
        2.617761       16.138617
       10.715442       46.153447
       11.978419       45.086905
        9.458074       38.718024
        9.069126       39.964011
        7.826278       39.144928
       13.989039       28.840647
       14.299166       30.105227
       12.703726       30.070685
       30.598205       38.997546
       28.934220       38.588015
       10.217551       40.609412
        8.585755       41.036315
       21.902435       44.094898
       23.177793       43.159863
       44.727273       41.000000
       43.192661       41.649048
       48.000000       58.666667
       46.588235       59.529412
        1.090909        1.000000
        1.090909        2.466667
        0.000000        1.466667
       15.553801       45.485505
       11.114810       43.446991
       20.395021       35.274180
       20.883412       33.735835
        8.901864       12.716748
        7.631073       12.812051
       46.699295       48.639744
       47.052054       50.000053
       45.751350       49.306464
       26.015955       31.095805
       24.793194       30.999331
       25.057991       29.687340
       23.263664       30.723914
       17.785767       37.024855
       19.140172       37.323687
       17.877283       38.504212
       18.177331       48.573666
       16.552132       48.532587
       17.788286       47.459193
       36.215438       43.941653
       17.358739       35.700424
       44.265302       57.672905
       44.450660       55.975289
       24.075777       37.722192
       25.450759       38.527100
       10.162968       13.237863
       23.055880       28.499449
       22.441139       29.855992
       21.661789       28.764575
       16.448652       27.677239
       14.930142       27.924888
        9.046397       43.667460
        8.845104       42.237224
        9.935472       43.111952
        2.972888       32.077578
        4.614091       31.608115
        4.034914       32.885693
       18.352941       50.117647
       19.589095       49.044253
        6.741535       11.573468
        6.021231       13.055302
       35.294117       55.764706
       35.172142       54.311682
       36.583907       54.782270
        6.090323       35.202760
        5.101413       33.781024
        6.665026       33.837967
       10.905382       27.540499
       40.345686       42.338618
       42.153537       42.145897
        6.968426       32.599894
        7.957336       34.021630
       20.753961       36.923056
       20.845476       38.402414
       43.764706       58.588235
       42.853537       57.202316
       40.381199       40.774712
       16.725310       46.378751
       14.991580       46.524868
       20.922088       27.798617
       20.307347       29.155161
       15.140367       48.061998
       23.393872       36.627165
       22.100325       36.352908
       32.179702       45.527147
       33.463291       46.274006
       36.658457       48.967844
       37.098278       47.952593
       37.888794       49.315948
       25.010384       36.347573
       15.708304       30.189240
       14.422991       31.419279
       10.663025       18.981974
        8.850934       44.688144
        7.760566       43.813417
       18.350509       46.419830
        3.460210       34.250486
       38.168119       52.924014
       36.955452       51.830222
       14.953789       41.693525
        7.409316       23.145954
       28.040526       46.978583
       27.949642       48.739589
       36.004933       50.332949
       35.214417       48.969595
       39.444401       47.390577
       38.094465       47.318438
       32.861027       48.636715
       31.603189       49.365437
       48.000000       48.000000
       46.699295       47.306411
       37.598659       54.134349
       37.720635       55.587373
       34.656460       33.192526
       33.111348       33.256257
       33.363979       32.063732
        4.088592       20.450141
        3.739224       21.928521
        2.635615       20.324497
       34.899535       44.978423
       35.940780       46.339083
       34.826696       46.243829
       31.636364       29.000000
       31.314670       30.353107
       30.223761       29.353107
       34.504536       47.634667
        1.627026       23.790384
        2.708656       25.122853
        1.081630       24.799137
       39.304846       53.729117
       44.769452       48.878793
       45.122211       50.239102
       31.002990       44.753306
       32.608739       44.109328
       32.498162       42.318375
       45.708364       54.441813
       46.934770       53.943350
       11.941809       21.156118
       43.323373       49.050152
       43.952511       48.117514
       16.599315       34.488323
       44.371080       46.971086
       42.925001       47.142445
        7.004030       37.724344
        4.531663       19.140836
        5.635272       20.744860
       12.540077       16.857751
       13.525285       15.710133
       13.723097       17.609776
       27.272727       25.000000
       26.945688       26.537361
       25.854779       25.537361
       16.594324       17.297642
       17.651623       17.684607
       16.791402       18.982249
        0.000000       24.933333
        1.081630       26.265803
       35.511412       51.831974
        6.335375        7.338398
        5.160941        7.533182
        5.371021        6.194784
       35.184439       39.195778
       34.513571       38.000727
       31.355252       36.016175
       32.279685       37.360959
        3.802039       12.720130
        2.361193       12.280023
       46.909091       43.000000
       46.857736       44.492497
       11.514898       18.135534
       40.941176       57.647059
       40.317407       56.306970
       41.729171       56.777558
        5.810058       14.400340
        6.154254       15.779350
        5.053541       15.885805
       10.913517       42.016756
        7.238336       10.003507
        3.921258        7.549253
        4.516921       16.699074
        4.191361       18.055466
       40.329414       39.277863
       38.854145       39.370223
       39.979275       38.092360
       29.697119       48.475485
       29.671367       46.999904
       35.119608       53.182635
       34.169088       51.685362
       18.545454       17.000000
       18.742532       18.684607
       28.943112       46.149804
       20.727273       19.000000
       20.604622       20.590245
       19.513713       19.590245
        9.818182        9.000000
        9.630234       10.665108
        8.539325        9.665108
       44.388770       54.555504
       44.549947       53.333725
        0.000000       13.200000
        1.236193       12.678437
        1.236193       14.145104
       32.955203       34.383947
        0.000000       27.866667
        1.256195       27.341657
        1.256195       28.808324
        1.569386       37.916559
        1.005919       37.020076
        2.575305       36.803302
       32.629376       39.822372
       32.319589       41.132945
       31.384668       39.654053
        4.223126       23.084133
        2.770149       22.958488
       28.165304       45.203971
       29.796145       45.225293
       26.346410       33.930099
       25.635071       35.352474
        2.557543       38.770081
        0.988158       38.986855
       33.816276       40.103169
       29.045682       29.585935
       28.809743       31.031210
       27.953358       29.910931
        2.630397       43.573878
        3.884708       42.736053
        4.077840       44.103352
       32.881355       38.624278
        3.832740       36.422801
        3.269274       35.526318
       14.235996       18.676339
       15.221205       17.528720
       48.000000       45.333333
       46.857736       45.825830
        1.143123       21.168104
       17.487805       27.464043
       16.623633       28.661994
       15.229463       34.482551
        5.159772       36.347781
        4.818848       41.680523
        6.384740       41.828221
        9.882353       47.294117
        9.303677       45.682858
        9.175638       30.618901
       10.243682       29.851636
       21.198262       22.846021
       22.400536       23.340540
       33.366787       50.890099
       32.974981       52.240761
       40.385112       47.879099
       39.269326       48.789219
        6.644089       43.029130
        7.696679       41.591824
       23.902135       27.241377
       24.681486       28.332794
        6.492858       17.130204
       25.904246       28.429268
       40.363636       37.000000
       38.888366       37.092360
        3.140931       39.967948
       29.367376       28.232828
       27.200536       32.939028
       27.795789       34.461332
        3.272727        3.000000
        3.236686        4.282826
        2.145777        3.282826
       28.276466       27.232828
       26.858518       27.770189
       25.853714       49.959860
       24.302125       49.124575
       24.213522       25.828452
       24.540560       24.291091
       24.994345       51.369906
       42.229767       55.862228
        1.933473       32.077578
        2.512651       30.800000
        9.612481       11.851332
        3.054244       14.878436
        2.035902       14.883720
       12.034523       27.605823
       11.264458       28.740781
       45.557030       46.465575
       14.990517       15.231079
       27.235024       29.124735
        9.008923       34.488282
       10.429443       35.107387
        9.074455       35.878808
        7.934581       36.579322
        9.355100       37.198426
       13.334701       27.890346
        4.235294       45.411765
        5.489605       44.573940
        0.000000        4.400000
        1.054868        3.749493
        1.054868        5.216159
       16.913438       29.676239
       17.037261       30.990290
       43.292243       54.867201
        6.731523       20.767074
       41.506330       39.496848
       17.952590       29.463043
        7.636364        7.000000
        7.426284        8.338398
       26.999086       30.570010
        1.143123       22.634771
        0.000000       10.266666
        1.125001       11.334919
       10.597948       38.017510
       16.081426       16.231079
       11.925482       36.995469
        3.371406       41.151049
       11.886015       19.603834
        1.411765       44.470588
        1.218633       43.103290
        0.000000        7.333334
        1.010572        6.347950
       10.891337       11.186224
        0.000000       42.533333
        1.218633       41.636623
       33.818182       31.000000
       32.273069       31.063731
       17.886102       31.948708
       16.680968       32.461709
       16.159956       33.414355
       15.311116       32.455937
       48.000000       53.333333
       46.934770       52.610017
       31.615752       52.899219
       32.418053       53.694482
        0.799709       15.405284
       35.747370       34.192526
       37.090142       35.095878
       35.746602       35.288404
        4.491770       30.005888
        5.553795       30.814003
        6.837673       31.313108
       32.470589       54.823529
       33.829818       54.165071
        0.000000       33.733334
        1.196855       32.810911
        1.196855       34.277578
       43.184892       50.376145
       42.367951       49.614866
       34.681358       35.740714
        0.000000       36.666667
        1.005919       35.553409
        6.288453       22.076379
       19.133916       31.622463
       22.143427       50.245449
       23.137772       49.615355
       23.582580       50.899318
        3.032228       29.541657
        3.971932       28.747545
        3.628948       27.504242
       11.372822       29.916959
        9.306391       31.905686
        8.129983       31.496772
        9.312323       33.250209
        8.017845       45.828815
       41.358234       48.783307
       16.363636       15.000000
       21.419445       41.880734
       20.645990       43.043828
        0.000000       22.000000
        5.738041       18.350185
       25.090909       23.000000
       23.449652       23.291091
       17.942917       21.397589
       18.686180       22.496965
       19.942909       22.386817
       19.238028       23.703292
       42.597239       40.496848
        0.000000       39.600000
        0.988158       40.453522
       30.451688       52.974769
       31.008616       51.521047
       42.545455       39.000000
       41.533310       47.384665
       20.731662       49.774861
        3.999779       25.419635
        3.454384       26.428388
       32.185745       35.380641
       16.114438       20.104986
       17.171736       20.491951
       29.647059       53.882353
       21.176471       51.058824
        2.337825       27.207460
        5.174311       23.162927
        4.205236       24.192894
       15.094082       19.401308
       13.595975       19.482363
       21.869573       30.989041
        4.172724       15.320065
       45.986824       51.943404
       47.052054       51.333387
       18.619881       20.274852
       36.000000       33.000000
        6.723386       36.404725
        3.590865       14.065168
       12.793682       20.309678
       20.530690       44.288667
        6.313064       23.123741
        2.065441        5.697442
        3.153161        5.477610
        3.108865        6.609400
       11.630233       35.732795
       21.358767       32.312300
        0.736618       31.533333
        4.280111        5.194784
       22.950884       22.049449
       25.719780       40.611214
       24.885144       41.351667
       25.284092       42.540247
       23.938904       42.281086
       28.183667       32.413234
        2.202774       34.630987
       19.436745       46.428753
       20.623570       45.348484
       18.373768       45.348310
       19.740077       27.044839
       31.399068       50.283892
       18.905020       29.333245
       19.644721       30.299204
       27.557896       41.740917
       27.847800       42.857146
       26.520236       42.727056
       18.946905       24.856958
       18.612666       26.189881
       48.000000       50.666667
       36.864128       46.970333
       28.951898       43.075233
       27.914238       44.061372
       32.376801       50.527042
       33.570908       49.971643
       20.646414       21.639693
       21.859975       21.049449
       28.393626       35.553157
       27.654075       36.488410
       15.529411       49.176471
       24.000000       52.000000
       29.454546       27.000000
        4.920519       13.161758
       26.788381       40.596058
       28.115945       40.726147
       29.193707       40.761310
       28.424193       39.616450
       33.466585       37.641757
       33.911900       36.737409
       30.158744       42.603246
       30.225182       43.807473
       33.851012       48.999773
        5.454546        5.000000
       18.440235       27.334245
       38.117647       56.705883
       39.132400       56.057962
       38.181818       35.000000
       38.181051       36.095878
        1.992813       29.541657
        0.736618       30.066667
        7.058823       46.352941
        6.606081       45.358227
       26.734289       31.882001
       12.000000       11.000000
        0.000000       16.133333
       22.909091       21.000000
        0.000000       30.800000
       18.615216       28.319000
       30.288418       40.308120
       39.920394       55.188461
        2.206791       41.023478
       12.975625       26.690064
       20.536242       31.444378
       45.116685       52.429097
       45.233970       51.152467
        6.448626       44.049814
       44.252072       50.724795
       43.296650       51.289510
       19.367125       44.297415
       43.797092       52.542788
       27.029387       37.483509
       27.856458       38.552853
       26.519360       38.511944
       25.573996       43.656475
       25.849967       44.714270
       27.061205       44.985883
       31.253455       42.150056
       29.980170       41.417817
       22.778845       41.971283
       26.277830       39.596444
       33.634372       35.381745
       26.316976       36.447501
